 # GCNNAME	 RA DEC ERR SEP2CLOSEST	 THETA ZENITH	 LLE	 IRFS	 LIKE_SU TSTART_SU TSTOP_SU TS_SU	 Flux_SU	 Index_SU 	 LIKE_BEST TSTART_BEST TSTOP_BEST TS_BEST	 Flux_BEST Index_BEST 	 LIKE_AG TSTART_AG TSTOP_AG TS_AG	 Flux_AG 	 Index_AG 
  160422499  	   42.01 -57.82  0.0e+00 3.96	  53.3 102.1 	  2.0   	  P8_TRANSIENT010E               	      0.000  10000.000 33.1 	  1.86e-07   1.01e-07 	 -1.49   0.28 	      5.106   1252.289 43.0 	  1.39e-06   6.42e-07 	 -1.65   0.28 	        5.106   1252.289 43.0 	  1.39e-06   6.42e-07 	 -1.65   0.28 
  160325291  	   16.13 -72.65  1.4e-01 3.40	  6.8 55.4 	  4.1   	  P8_TRANSIENT010E               	      0.000  10000.000 80.2 	  4.32e-06   9.65e-07 	 -2.42   0.24 	      0.000   3000.000 80.3 	  4.42e-06   9.87e-07 	 -2.41   0.24 	        3.678   1555.719 76.1 	  4.50e-06   1.05e-06 	 -2.38   0.24 
  160310016  	   98.78  -7.12  4.0e-02 6.47	  62.8 29.9 	  2.8   	  P8_TRANSIENT010E               	      0.000  10000.000 28.4 	  8.35e-07   7.16e-07 	 -1.52   0.46 	      0.000   3000.000 15.7 	  9.94e-06   0.00e+00 	 -2.33   0.53 	       70.525    500.618 15.6 	  1.13e-05   0.00e+00 	 -2.34   0.54 
  150913161  	  234.37 -52.78  7.5e-01 4.72	  32.2 63.8 	  3.2   	  P8_TRANSIENT020E               	      0.000    100.000 14.5 	  2.98e-05   0.00e+00 	 -2.97   0.68 	      0.000     30.000 20.0 	  7.72e-05   0.00e+00 	 -2.59   0.56 	        7.090     99.293 15.0 	  3.28e-05   0.00e+00 	 -2.96   0.67 
  150902733  	  214.92 -69.36  1.1e-01 4.34	  37.3 87.1 	  10.7   	  P8_TRANSIENT010E               	      0.000   4000.000 86.1 	  2.78e-06   5.67e-07 	 -2.42   0.21 	      0.000   1000.000 114.6 	  1.05e-05   1.91e-06 	 -2.40   0.20 	        2.649   2092.715 97.6 	  5.03e-06   9.76e-07 	 -2.48   0.21 
  150724782  	  351.92   3.67  2.2e-01 4.24	  58.5 68.6 	  2.7   	  P8_TRANSIENT010E               	      0.000    500.000 13.8 	  1.74e-05   0.00e+00 	 -1.76   0.53 	      0.000    100.000 14.6 	  3.39e-05   0.00e+00 	 -1.49   0.49 	       26.348    389.525 13.8 	  2.07e-05   0.00e+00 	 -1.75   0.53 
  150702998  	   52.57 -56.88  3.8e-01 0.76	  117.4 88.0 	  0.0   	  P8_TRANSIENT010E               	      0.000  10000.000 31.5 	  1.18e-06   4.23e-07 	 -2.31   0.35 	      0.000   3000.000 32.6 	  1.35e-06   4.74e-07 	 -2.30   0.34 	      363.916   2048.410 29.0 	  1.49e-06   5.57e-07 	 -2.28   0.38 
  150627183  	  117.50 -51.55  5.0e-02 3.62	  74.3 97.3 	  2.6   	  P8_TRANSIENT010E               	      0.000  10000.000 229.0 	  1.51e-06   2.86e-07 	 -1.75   0.12 	      0.000   3000.000 245.6 	  2.68e-06   5.12e-07 	 -1.66   0.12 	       18.977   8906.405 229.0 	  1.51e-06   2.86e-07 	 -1.75   0.12 
  150523396  	  115.33 -45.43  5.0e-02 2.69	  25.8 55.5 	  5.3   	  P8_TRANSIENT010E               	      0.000  10000.000 195.5 	  3.07e-06   5.20e-07 	 -1.90   0.13 	      0.000   3000.000 219.3 	  8.79e-06   1.42e-06 	 -1.91   0.13 	        3.678    994.520 219.2 	  8.82e-06   1.43e-06 	 -1.91   0.13 
  150514774  	   74.92 -60.86  1.0e-01 0.97	  38.5 58.3 	  4.3   	  P8_TRANSIENT010E               	      0.000  10000.000 30.5 	  6.37e-07   5.22e-07 	 -1.32   0.47 	      0.000   1000.000 31.0 	  7.78e-07   6.17e-07 	 -1.33   0.46 	        2.649    622.735 30.9 	  7.76e-07   6.17e-07 	 -1.33   0.46 
  150510139  	   16.41   4.90  2.2e-01 2.63	  56.0 10.1 	  7.2   	  P8_TRANSIENT010E               	      0.000  10000.000 52.6 	  5.99e-06   2.06e-06 	 -1.90   0.26 	      0.000   3000.000 52.6 	  5.99e-06   2.06e-06 	 -1.90   0.26 	        1.908    100.912 33.8 	  2.29e-05   1.02e-05 	 -1.89   0.34 
  150422703  	  211.54 -16.02  4.8e-01 5.41	  60.9 19.5 	  2.3   	  P8_TRANSIENT010E               	      0.000   4000.000 20.8 	  1.42e-06   5.33e-07 	 -2.84   0.50 	      0.000   1000.000 22.3 	  2.19e-06   8.46e-07 	 -2.75   0.54 	       18.977   1762.471 20.8 	  1.47e-06   5.53e-07 	 -2.84   0.50 
  150403913  	  311.75 -62.48  1.6e-01 1.93	  55.2 104.7 	  1.9   	  P8_TRANSIENT010E               	      0.000  10000.000 54.8 	  5.21e-07   1.78e-07 	 -1.79   0.22 	      0.000   3000.000 62.0 	  1.13e-06   3.61e-07 	 -1.83   0.22 	       70.525   1705.029 60.0 	  1.69e-06   5.61e-07 	 -1.76   0.22 
  150314205  	  126.21  63.54  2.6e-01 1.27	  47.7 92.1 	  2.4   	  P8_TRANSIENT010E               	      0.000   4000.000 26.3 	  8.38e-07   3.03e-07 	 -2.31   0.33 	      0.000    300.000 29.8 	  1.17e-05   3.25e-06 	 -2.50   0.36 	        0.099   3956.584 26.8 	  8.60e-07   3.08e-07 	 -2.32   0.33 
  150210935  	  112.09  13.33  1.7e-01 1.29	  53.8 9.7 	  13.7   	  P8_TRANSIENT100E               	      0.000  10000.000 33.2 	  1.84e-06   7.13e-07 	 -2.09   0.30 	      0.000     10.000 133.9 	  4.76e-04   1.15e-04 	 -2.55   0.34 	        0.713   1680.320 47.4 	  6.51e-06   2.10e-06 	 -2.23   0.30 
  150202999  	   86.28  59.04  2.3e-01 0.87	  17.3 66.9 	  11.3   	  P8_TRANSIENT010E               	      0.000  10000.000 22.9 	  1.23e-06   5.29e-07 	 -2.13   0.38 	      7.090   1566.330 25.4 	  1.53e-06   6.32e-07 	 -2.15   0.38 	        7.090   1566.330 25.4 	  1.53e-06   6.32e-07 	 -2.15   0.38 
  150118409  	  240.24 -35.92  3.9e-01 4.54	  66.3 93.2 	  3.0   	  P8_TRANSIENT020E               	      0.000    500.000 13.4 	  8.06e-05   0.00e+00 	 -2.52   0.49 	      0.000   1000.000 13.4 	  8.06e-05   0.00e+00 	 -2.52   0.49 	        3.678    141.156 13.0 	  9.30e-05   0.00e+00 	 -2.50   0.50 
  141222298  	  177.99 -57.32  5.0e-02 3.75	  45.9 93.5 	  4.7   	  P8_TRANSIENT010E               	      0.000  10000.000 74.4 	  1.19e-06   4.27e-07 	 -1.61   0.20 	      0.513    405.383 111.7 	  1.56e-05   4.28e-06 	 -1.73   0.17 	        0.513    405.383 111.7 	  1.56e-05   4.28e-06 	 -1.73   0.17 
  141221897  	   99.12 -66.91  2.3e-01 0.82	  39.0 84.7 	  3.3   	  P8_TRANSIENT020E               	      0.000    100.000 30.2 	  1.42e-05   5.35e-06 	 -2.00   0.35 	     18.977     58.460 30.6 	  2.70e-05   1.14e-05 	 -1.85   0.36 	       18.977     58.460 30.6 	  2.70e-05   1.14e-05 	 -1.85   0.36 
  141207800  	  159.86   3.87  8.0e-02 2.34	  60.6 35.0 	  7.7   	  P8_TRANSIENT020E               	      0.000  10000.000 156.3 	  4.06e-06   7.58e-07 	 -1.82   0.13 	      0.000   1000.000 179.6 	  1.02e-05   1.71e-06 	 -1.78   0.12 	        1.374   2092.490 176.6 	  8.72e-06   1.49e-06 	 -1.80   0.12 
  141113346  	  183.92  77.32  4.8e-01 3.27	  51.0 86.2 	  3.5   	  P8_TRANSIENT020E               	      0.000    100.000 25.8 	  1.55e-05   6.89e-06 	 -2.16   0.41 	      0.000    100.000 25.8 	  1.55e-05   6.89e-06 	 -2.16   0.41 	        0.072      3.454 22.9 	  4.66e-04   1.94e-04 	 -2.18   0.45 
  141102536  	  209.08 -46.69  4.4e-01 2.54	  52.3 53.5 	  1.7   	  P8_TRANSIENT020E               	      0.000   4000.000 9.1 	  2.55e-06   0.00e+00 	 -2.62   0.56 	      0.000    100.000 26.3 	  2.87e-05   1.10e-05 	 -2.46   0.45 	        1.908   1023.340 11.7 	  3.66e-06   0.00e+00 	 -2.46   0.47 
  141028455  	  322.78  -0.64  1.9e-01 1.44	  32.0 48.9 	  19.8   	  P8_TRANSIENT010E               	      0.000  10000.000 88.9 	  2.27e-06   4.32e-07 	 -2.62   0.25 	      9.844    500.510 120.1 	  2.05e-05   3.61e-06 	 -2.52   0.24 	        9.844    500.510 120.1 	  2.05e-05   3.61e-06 	 -2.52   0.24 
  141022087  	  128.12 -72.66  3.3e-01 3.16	  111.1 102.2 	  0.0   	  P8_TRANSIENT010E               	      0.000    500.000 17.9 	  2.05e-05   0.00e+00 	 -2.85   0.63 	      0.000   1000.000 18.0 	  2.05e-05   0.00e+00 	 -2.86   0.63 	      188.772    325.107 17.4 	  3.15e-05   0.00e+00 	 -2.69   0.62 
  141012773  	  289.93 -53.05  1.8e-01 3.30	  47.3 94.8 	  2.6   	  P8_TRANSIENT010E               	      0.000  10000.000 54.3 	  1.59e-05   5.57e-06 	 -2.27   0.29 	      2.649    107.033 69.7 	  4.59e-05   1.37e-05 	 -2.00   0.25 	        2.649    107.033 69.7 	  4.59e-05   1.37e-05 	 -2.00   0.25 
  140928437  	   43.76 -55.92  7.0e-02 4.24	  110.0 111.3 	  0.0   	  P8_TRANSIENT010E               	      0.000  10000.000 57.7 	  5.46e-07   2.78e-07 	 -1.18   0.27 	   1352.465   3138.739 58.0 	  5.75e-07   2.94e-07 	 -1.19   0.27 	     1352.465   3138.739 58.0 	  5.75e-07   2.94e-07 	 -1.19   0.27 
  140810782  	  118.93  27.40  5.0e-02 2.57	  123.1 88.8 	  0.0   	  P8_TRANSIENT010E               	      0.000  10000.000 66.1 	  4.42e-07   1.65e-07 	 -1.64   0.23 	      0.000   3000.000 80.4 	  1.14e-06   3.80e-07 	 -1.66   0.21 	      363.916  20174.510 78.7 	  3.18e-07   1.11e-07 	 -1.55   0.20 
  140729026  	  193.91  15.43  1.9e-01 4.79	  25.6 40.0 	  2.4   	  P8_TRANSIENT020E               	      0.000  10000.000 46.4 	  3.73e-06   1.26e-06 	 -2.10   0.30 	      0.000    100.000 58.8 	  1.76e-05   5.28e-06 	 -1.81   0.24 	        3.678   1112.375 47.5 	  3.94e-06   1.31e-06 	 -2.03   0.29 
  140724533  	  326.66  -8.65  2.9e-01 3.49	  94.7 104.4 	  0.0   	  P8_TRANSIENT010E               	      0.000  10000.000 23.6 	  1.69e-06   6.85e-07 	 -2.31   0.36 	      0.000   3000.000 10.1 	  2.12e-06   0.00e+00 	 -1.92   0.65 	     7911.662  43331.621 4.6 	  9.87e-07   0.00e+00 	 -2.51   0.56 
  140723067  	  210.66  -3.70  1.9e-01 4.09	  54.5 38.3 	  4.4   	  P8_TRANSIENT010E               	      0.000  10000.000 59.9 	  3.61e-06   9.28e-07 	 -2.17   0.21 	      0.000    300.000 79.5 	  2.70e-05   5.15e-06 	 -2.08   0.18 	        0.513   1012.355 69.6 	  8.31e-06   1.95e-06 	 -2.10   0.19 
  140619475  	  132.67  -9.66  5.0e-02 2.08	  38.5 25.1 	  6.2   	  P8_TRANSIENT100E               	      0.000  10000.000 55.0 	  3.44e-06   1.15e-06 	 -2.05   0.25 	      0.192      3.193 283.5 	  1.47e-03   2.99e-04 	 -1.98   0.19 	        0.192      3.193 283.5 	  1.47e-03   2.99e-04 	 -1.98   0.19 
  140528837  	  280.59 -59.45  2.2e-01 2.75	  45.9 65.9 	  2.5   	  P8_TRANSIENT010E               	      0.000   4000.000 31.0 	  1.28e-06   4.87e-07 	 -2.10   0.30 	     70.525   2229.262 32.0 	  1.52e-06   5.68e-07 	 -2.11   0.30 	       70.525   2229.262 32.0 	  1.52e-06   5.68e-07 	 -2.11   0.30 
  140523129  	  133.09  24.84  1.7e-01 3.96	  56.0 28.0 	  3.5   	  P8_TRANSIENT010E               	      0.000  10000.000 91.7 	  6.01e-06   1.27e-06 	 -1.99   0.16 	      1.374   1098.980 115.9 	  4.32e-05   8.18e-06 	 -2.04   0.16 	        1.374   1098.980 115.9 	  4.32e-05   8.18e-06 	 -2.04   0.16 
  140416060  	   35.74  42.10  7.0e-02 0.93	  138.8 94.3 	  0.0   	  P8_TRANSIENT010E               	      0.000  10000.000 29.3 	  1.36e-06   6.31e-07 	 -2.01   0.33 	    974.080   3133.660 33.6 	  1.94e-06   7.74e-07 	 -2.05   0.30 	      974.080   3133.660 33.6 	  1.94e-06   7.74e-07 	 -2.05   0.30 
  140402007  	  207.65   5.97  1.1e-01 1.62	  13.7 47.2 	  5.4   	  P8_TRANSIENT020E               	      0.000  10000.000 47.4 	  6.84e-07   2.62e-07 	 -1.96   0.28 	      0.000    100.000 80.8 	  1.95e-05   6.26e-06 	 -1.76   0.23 	        0.037     17.862 70.2 	  8.83e-05   3.11e-05 	 -1.76   0.25 
  140323433  	  356.54 -79.93  1.3e-01 2.35	  30.6 68.7 	  2.1   	  P8_TRANSIENT010E               	      0.000  10000.000 40.1 	  1.76e-06   8.83e-07 	 -1.54   0.30 	      0.000   3000.000 40.1 	  1.76e-06   8.83e-07 	 -1.54   0.30 	      135.959    744.197 26.2 	  2.06e-06   1.17e-06 	 -1.61   0.35 
  140219824  	  158.20   7.26  6.2e-01 2.21	  95.9 112.9 	  0.0   	  P8_TRANSIENT010E               	      0.000  10000.000 24.0 	  1.48e-06   6.41e-07 	 -2.24   0.38 	      0.000   3000.000 26.0 	  1.72e-06   7.24e-07 	 -2.09   0.34 	      505.280   3430.360 25.9 	  1.72e-06   7.24e-07 	 -2.09   0.34 
  140206275  	  315.24  -8.79  6.0e-02 5.73	  46.2 85.4 	  23.9   	  P8_TRANSIENT010E               	      0.000  10000.000 300.7 	  3.17e-06   4.03e-07 	 -2.10   0.11 	      9.844   8591.231 302.7 	  3.21e-06   4.08e-07 	 -2.10   0.11 	        9.844   8591.231 302.7 	  3.21e-06   4.08e-07 	 -2.10   0.11 
  140204547  	  153.91  49.37  1.3e-01 0.11	  41.9 47.3 	  2.4   	  P8_TRANSIENT010E               	      0.000  10000.000 23.4 	  7.38e-07   3.08e-07 	 -1.75   0.26 	     36.583  23772.039 37.0 	  3.65e-07   1.22e-07 	 -1.57   0.18 	       36.583  23772.039 37.0 	  3.65e-07   1.22e-07 	 -1.57   0.18 
  140124527  	   59.26  36.86  2.4e-01 3.58	  19.9 65.9 	  3.0   	  P8_TRANSIENT010E               	      0.000    500.000 24.8 	  1.66e-06   9.26e-07 	 -1.54   0.33 	      0.000   1000.000 23.6 	  1.39e-06   7.57e-07 	 -1.72   0.33 	       36.583  45184.898 16.4 	  3.29e-07   0.00e+00 	 -1.53   0.34 
  140110263  	   29.12 -36.53  1.7e-01 3.05	  34.7 64.4 	  8.6   	  P8_TRANSIENT020E               	      0.000  10000.000 65.8 	  3.08e-06   6.86e-07 	 -2.49   0.26 	      0.000    300.000 94.5 	  2.23e-05   4.14e-06 	 -2.43   0.22 	        0.513    968.638 74.9 	  5.72e-06   1.21e-06 	 -2.40   0.23 
  140104731  	  218.76  -8.98  1.3e-01 3.87	  18.0 36.3 	  2.6   	  P8_TRANSIENT010E               	      0.000  10000.000 49.8 	  9.09e-07   2.96e-07 	 -1.96   0.24 	      0.000   3000.000 61.9 	  1.94e-06   5.78e-07 	 -1.94   0.22 	      188.772   1510.937 58.4 	  2.64e-06   7.94e-07 	 -1.93   0.23 
  140102887  	  211.92   1.36  1.2e-01 2.51	  47.2 45.1 	  6.4   	  P8_TRANSIENT020E               	      0.000  10000.000 42.4 	  4.09e-07   1.81e-07 	 -1.61   0.26 	      0.000   3000.000 68.3 	  2.95e-06   9.65e-07 	 -1.82   0.24 	        2.649    661.288 66.0 	  3.36e-06   1.16e-06 	 -1.72   0.23 
  131231198  	   10.55  -1.72  3.0e-02 2.23	  38.2 41.3 	  9.3   	  P8_TRANSIENT010E               	      0.000  10000.000 240.7 	  1.68e-06   3.13e-07 	 -1.68   0.12 	     18.977   5099.583 250.9 	  2.69e-06   4.93e-07 	 -1.66   0.12 	       18.977   5099.583 250.9 	  2.69e-06   4.93e-07 	 -1.66   0.12 
  131209547  	  137.11 -33.92  8.4e-01 1.48	  20.8 54.2 	  2.3   	  P8_TRANSIENT020E               	      0.000    500.000 20.6 	  5.52e-06   1.88e-06 	 -3.55   0.74 	      0.000    100.000 17.8 	  2.56e-05   0.00e+00 	 -3.16   0.70 	        9.844    147.206 17.4 	  2.05e-05   0.00e+00 	 -3.20   0.67 
  131108862  	  156.79   9.59  1.2e-01 4.60	  25.1 22.0 	  24.3   	  P8_TRANSIENT020E               	      0.000  10000.000 351.9 	  6.23e-06   5.81e-07 	 -2.59   0.12 	      0.019    433.449 420.9 	  6.90e-05   5.86e-06 	 -2.64   0.11 	        0.019    433.449 420.9 	  6.90e-05   5.86e-06 	 -2.64   0.11 
  131029973  	  200.85  48.03  1.3e-01 1.69	  59.7 93.9 	  2.9   	  P8_TRANSIENT010E               	      0.000  10000.000 59.4 	  2.66e-06   6.05e-07 	 -2.49   0.24 	      0.000   3000.000 87.7 	  1.38e-05   2.35e-06 	 -2.48   0.21 	       36.583   3224.020 87.6 	  1.41e-05   2.41e-06 	 -2.48   0.21 
  131014215  	  100.41 -19.20  2.6e-01 3.32	  73.5 75.6 	  8.1   	  P8_TRANSIENT100E               	      0.000  10000.000 32.1 	  2.13e-06   6.05e-07 	 -2.21   0.25 	      0.000     30.000 192.0 	  1.06e-03   2.18e-04 	 -1.96   0.19 	        1.374    345.400 91.2 	  2.28e-05   4.79e-06 	 -1.99   0.18 
  130907904  	  215.92  45.70  1.9e-01 3.15	  105.6 57.5 	  0.0   	  P8_TRANSIENT010E               	      0.000  10000.000 30.0 	  7.61e-07   3.72e-07 	 -2.07   0.41 	   3228.600   5231.492 29.9 	  9.94e-07   4.89e-07 	 -2.06   0.40 	     3228.600   5231.492 29.9 	  9.94e-07   4.89e-07 	 -2.06   0.40 
  130828306  	  259.78  28.19  2.1e-01 7.87	  40.6 45.7 	  5.9   	  P8_TRANSIENT020E               	      0.000  10000.000 64.9 	  1.41e-06   3.16e-07 	 -2.33   0.23 	     13.667    406.880 122.7 	  1.98e-05   3.37e-06 	 -2.28   0.20 	       13.667    406.880 122.7 	  1.98e-05   3.37e-06 	 -2.28   0.20 
  130821674  	  314.21 -11.53  1.1e-01 4.40	  34.9 48.4 	  10.8   	  P8_TRANSIENT010E               	      0.000  10000.000 168.5 	  2.69e-06   3.94e-07 	 -2.43   0.17 	      0.000   3000.000 167.0 	  5.08e-06   7.78e-07 	 -2.34   0.17 	       26.348   7718.927 166.9 	  2.75e-06   4.06e-07 	 -2.43   0.17 
  130804023  	  261.12 -61.81  6.0e-02 2.54	  24.7 67.7 	  2.2   	  P8_TRANSIENT010E               	      0.000    500.000 26.0 	  2.10e-06   1.17e-06 	 -1.83   0.41 	     50.794    478.199 25.9 	  2.45e-06   1.36e-06 	 -1.82   0.41 	       50.794    478.199 25.9 	  2.45e-06   1.36e-06 	 -1.82   0.41 
  130702004  	  216.40  16.16  4.3e-01 3.61	  75.9 77.6 	  2.0   	  P8_TRANSIENT010E               	      0.000  10000.000 27.4 	  1.33e-06   5.37e-07 	 -2.00   0.34 	    262.102   1818.175 30.9 	  1.67e-06   6.53e-07 	 -1.98   0.33 	      262.102   1818.175 30.9 	  1.67e-06   6.53e-07 	 -1.98   0.33 
  130606497  	  218.57 -22.15  8.0e-02 4.62	  90.5 10.9 	  0.0   	  P8_TRANSIENT010E               	      0.000  10000.000 81.9 	  3.14e-06   1.04e-06 	 -1.77   0.22 	      0.000   1000.000 92.6 	  7.07e-06   2.04e-06 	 -1.77   0.20 	       97.921    787.455 84.8 	  7.12e-06   2.16e-06 	 -1.78   0.21 
  130518580  	  355.60  47.53  1.3e-01 4.24	  41.0 83.1 	  9.2   	  P8_TRANSIENT010E               	      0.000  10000.000 73.9 	  2.32e-06   5.39e-07 	 -2.54   0.26 	      0.000   1000.000 107.7 	  2.46e-05   4.81e-06 	 -2.53   0.23 	       13.667  11935.080 85.4 	  2.15e-06   4.19e-07 	 -2.80   0.26 
  130504978  	   91.55   3.78  8.0e-02 3.76	  47.0 51.5 	  14.3   	  P8_TRANSIENT010E               	      0.000  10000.000 61.5 	  9.06e-07   2.46e-07 	 -1.92   0.19 	      0.000   1000.000 96.7 	  4.72e-06   1.12e-06 	 -1.93   0.19 	       18.977   1407.565 90.2 	  3.48e-06   8.43e-07 	 -1.96   0.19 
  130504314  	  335.83  -3.82  7.4e-01 1.23	  71.2 63.5 	  2.0   	  P8_TRANSIENT010E               	      0.000  10000.000 12.9 	  1.63e-06   0.00e+00 	 -3.31   0.66 	      0.000   3000.000 1.0 	  4.05e-06   0.00e+00 	 -5.02   2.76 	        0.000      0.000 0.0 	  0.00e+00   0.00e+00 	 0.00   0.00 
  130502327  	   66.54  71.04  6.0e-02 2.97	  46.6 96.6 	  2.6   	  P8_TRANSIENT010E               	      0.000  10000.000 210.0 	  4.54e-06   7.16e-07 	 -2.04   0.13 	      0.000    300.000 249.3 	  6.87e-05   9.77e-06 	 -1.99   0.11 	        9.844  15970.325 190.7 	  2.14e-06   3.62e-07 	 -1.90   0.12 
  130427324  	  173.16  27.71  2.0e-02 2.09	  47.3 63.9 	  21.1   	  P8_TRANSIENT010E               	      0.000  10000.000 2321.1 	  2.52e-05   1.19e-06 	 -1.97   0.04 	      0.138  34985.180 2325.9 	  1.10e-05   5.23e-07 	 -1.99   0.04 	        0.138  34985.180 2325.9 	  1.10e-05   5.23e-07 	 -1.99   0.04 
  130327350  	  218.15 -69.81  9.0e-02 5.39	  45.9 85.9 	  3.7   	  P8_TRANSIENT020E               	      0.000  10000.000 155.6 	  2.73e-06   5.29e-07 	 -1.71   0.12 	      7.090    523.174 217.5 	  1.58e-05   2.61e-06 	 -1.77   0.12 	        7.090    523.174 217.5 	  1.58e-05   2.61e-06 	 -1.77   0.12 
  130325203  	  122.97 -19.15  1.3e-01 4.69	  47.3 76.1 	  2.9   	  P8_TRANSIENT010E               	      0.000  10000.000 60.3 	  8.55e-07   2.36e-07 	 -2.13   0.23 	      0.000   3000.000 58.0 	  1.16e-06   3.63e-07 	 -1.96   0.24 	      110.330   1272.832 49.5 	  1.47e-06   5.75e-07 	 -1.71   0.25 
  130310840  	  142.37 -17.11  3.3e-01 2.43	  75.9 50.3 	  3.8   	  P8_TRANSIENT010E               	      0.000  10000.000 32.9 	  1.04e-06   3.91e-07 	 -1.89   0.27 	      3.678    560.075 54.7 	  7.84e-06   2.36e-06 	 -1.99   0.24 	        3.678    560.075 54.7 	  7.84e-06   2.36e-06 	 -1.99   0.24 
  121216419  	  131.81 -77.39  7.0e-01 2.86	  48.2 95.6 	  2.5   	  P8_TRANSIENT100E               	      0.000     10.000 22.4 	  1.21e-04   5.94e-05 	 -2.50   0.65 	      0.000      3.000 27.6 	  3.05e-04   1.59e-04 	 -2.34   0.65 	        0.072      8.235 24.4 	  1.53e-04   7.32e-05 	 -2.52   0.65 
  121123442  	   28.62 -24.06  3.5e-01 0.54	  78.0 75.2 	  1.6   	  P8_TRANSIENT010E               	      0.000  10000.000 21.0 	  1.18e-06   5.08e-07 	 -2.29   0.38 	      0.000   3000.000 23.7 	  2.02e-06   8.71e-07 	 -2.32   0.40 	      135.959   2742.890 23.6 	  2.03e-06   8.76e-07 	 -2.32   0.40 
  121029350  	  229.08 -25.56  1.5e-01 1.24	  60.6 40.7 	  2.0   	  P8_TRANSIENT010E               	      0.000  10000.000 32.2 	  4.25e-07   1.88e-07 	 -1.60   0.26 	     13.667   2193.670 40.9 	  9.04e-07   3.72e-07 	 -1.66   0.26 	       13.667   2193.670 40.9 	  9.04e-07   3.72e-07 	 -1.66   0.26 
  120915000  	  240.44  57.09  2.4e+00 0.40	  11.5 59.6 	  3.6   	  P8_TRANSIENT100E               	      0.000     10.000 33.4 	  1.01e-04   3.98e-05 	 -2.31   0.47 	      0.000      1.000 55.4 	  8.44e-04   3.48e-04 	 -2.33   0.52 	        0.138      9.163 31.5 	  9.98e-05   4.15e-05 	 -2.39   0.53 
  120911268  	  172.52 -37.66  2.3e-01 1.41	  66.8 23.9 	  14.1   	  P8_TRANSIENT020E               	      0.000  10000.000 90.4 	  6.85e-06   1.22e-06 	 -2.35   0.17 	      5.106   1240.600 148.4 	  2.00e-04   2.74e-05 	 -2.57   0.17 	        5.106   1240.600 148.4 	  2.00e-04   2.74e-05 	 -2.57   0.17 
  120830297  	   88.64 -28.90  4.1e-01 3.26	  38.3 75.0 	  3.4   	  P8_TRANSIENT100E               	      0.000   4000.000 15.4 	  3.23e-06   0.00e+00 	 -2.15   0.42 	      0.000      3.000 69.3 	  3.36e-04   1.38e-04 	 -1.97   0.39 	        0.513    932.988 15.4 	  3.20e-06   0.00e+00 	 -2.14   0.42 
  120729456  	   13.26  49.90  2.6e-01 2.05	  82.7 32.8 	  1.4   	  P8_TRANSIENT010E               	      0.000   4000.000 33.0 	  3.90e-06   1.77e-06 	 -1.67   0.31 	      0.000   1000.000 33.0 	  3.90e-06   1.77e-06 	 -1.67   0.31 	      363.916    737.178 24.3 	  3.41e-06   1.75e-06 	 -1.64   0.34 
  120711115  	   94.64 -70.88  1.0e-01 1.46	  134.5 84.9 	  0.0   	  P8_TRANSIENT010E               	      0.000  10000.000 141.0 	  2.48e-06   4.28e-07 	 -2.34   0.18 	    363.916   6981.527 134.7 	  2.49e-06   4.51e-07 	 -2.30   0.18 	      363.916   6981.527 134.7 	  2.49e-06   4.51e-07 	 -2.30   0.18 
  120709883  	  318.82 -50.40  2.9e-01 3.34	  27.9 40.6 	  6.3   	  P8_TRANSIENT010E               	      0.000  10000.000 77.3 	  1.09e-05   2.24e-06 	 -2.36   0.22 	      0.099    718.737 75.6 	  1.10e-05   2.28e-06 	 -2.32   0.22 	        0.099    718.737 75.6 	  1.10e-05   2.28e-06 	 -2.32   0.22 
  120624933  	  170.90   8.93  8.0e-02 1.92	  68.6 27.8 	  5.9   	  P8_TRANSIENT010E               	      0.000  10000.000 346.7 	  6.39e-06   6.44e-07 	 -2.58   0.13 	      0.000   3000.000 402.1 	  2.28e-05   2.19e-06 	 -2.55   0.12 	       70.525   1147.163 389.9 	  2.30e-05   2.22e-06 	 -2.54   0.13 
  120526303  	   53.82 -35.24  8.0e-02 2.24	  31.5 70.3 	  0.0   	  P8_TRANSIENT010E               	      0.000  10000.000 107.5 	  2.01e-06   4.53e-07 	 -1.89   0.17 	      0.000   3000.000 106.6 	  2.13e-06   4.86e-07 	 -1.85   0.17 	      505.280   2989.732 100.7 	  2.05e-06   4.82e-07 	 -1.86   0.17 
  120420858  	  108.77  15.17  1.9e-01 2.58	  110.4 77.8 	  0.0   	  P8_TRANSIENT010E               	      0.000  10000.000 24.1 	  2.34e-06   1.05e-06 	 -2.29   0.38 	   2970.530   4078.016 28.4 	  3.08e-06   1.03e-06 	 -2.22   0.33 	     2970.530   4078.016 28.4 	  3.08e-06   1.03e-06 	 -2.22   0.33 
  120316008  	   57.34 -56.41  2.1e-01 3.34	  10.0 48.8 	  3.9   	  P8_TRANSIENT010E               	      0.000  10000.000 41.2 	  2.57e-06   8.72e-07 	 -2.41   0.34 	      0.000   1000.000 54.1 	  3.13e-06   8.58e-07 	 -2.30   0.31 	       13.667   1371.040 44.8 	  2.69e-06   8.77e-07 	 -2.33   0.33 
  120226871  	  302.97  48.98  4.0e-01 2.47	  35.7 41.7 	  8.3   	  P8_TRANSIENT010E               	      0.000   4000.000 21.7 	  2.04e-06   6.75e-07 	 -2.65   0.39 	      0.000    300.000 40.9 	  1.14e-05   3.20e-06 	 -2.98   0.46 	        9.844    188.772 30.0 	  1.46e-05   4.35e-06 	 -3.84   0.83 
  120107384  	  244.94 -70.05  3.0e-01 1.88	  46.3 96.2 	  2.2   	  P8_TRANSIENT020E               	      0.000    100.000 30.0 	  1.71e-05   7.81e-06 	 -1.90   0.36 	      0.713    363.916 36.1 	  1.11e-05   3.73e-06 	 -2.45   0.38 	        0.713    363.916 36.1 	  1.11e-05   3.73e-06 	 -2.45   0.38 
  110921912  	    5.79 -26.51  2.7e-01 0.80	  34.3 21.7 	  4.3   	  P8_TRANSIENT010E               	      0.000  10000.000 34.6 	  7.04e-07   2.40e-07 	 -1.97   0.26 	      0.000   1000.000 50.5 	  3.11e-06   9.86e-07 	 -2.01   0.25 	        7.090    321.616 43.6 	  7.21e-06   2.54e-06 	 -2.01   0.29 
  110903111  	  197.26  58.84  5.0e-02 2.75	  44.3 93.9 	  2.1   	  P8_TRANSIENT010E               	      0.000  10000.000 37.1 	  4.69e-07   2.54e-07 	 -1.65   0.31 	      0.000   1000.000 45.8 	  2.46e-06   1.16e-06 	 -1.76   0.31 	       13.667  25805.666 3.7 	  3.62e-07   0.00e+00 	 -6.00   0.00 
  110731465  	  280.44 -28.55  1.0e-01 4.33	  3.4 50.7 	  14.1   	  P8_TRANSIENT020E               	      0.000  10000.000 109.0 	  2.27e-06   4.30e-07 	 -2.19   0.16 	      0.000    100.000 170.5 	  1.07e-04   1.47e-05 	 -2.37   0.16 	        0.990   1469.139 139.5 	  6.98e-06   1.18e-06 	 -2.23   0.16 
  110728056  	  173.56   4.36  4.2e-01 3.72	  41.3 15.6 	  3.2   	  P8_TRANSIENT100E               	      0.000    500.000 25.3 	  4.59e-06   1.86e-06 	 -2.15   0.37 	      0.000     10.000 63.2 	  1.71e-04   5.70e-05 	 -2.04   0.33 	        0.192    356.265 26.6 	  5.44e-06   2.22e-06 	 -2.09   0.36 
  110721200  	  333.54 -38.59  8.0e-02 3.86	  40.4 83.1 	  27.5   	  P8_TRANSIENT020E               	      0.000  10000.000 80.3 	  1.34e-06   3.21e-07 	 -2.30   0.23 	      0.000    100.000 124.8 	  6.59e-05   1.11e-05 	 -2.36   0.21 	        0.037    500.840 120.7 	  1.42e-05   2.41e-06 	 -2.41   0.20 
  110625881  	  286.42   6.37  8.0e-02 0.66	  87.4 50.4 	  1.2   	  P8_TRANSIENT010E               	      0.000   4000.000 44.9 	  1.81e-05   4.11e-06 	 -2.62   0.24 	      0.000   1000.000 45.4 	  2.37e-05   5.71e-06 	 -2.50   0.24 	       70.525  28931.850 34.0 	  6.17e-06   1.50e-06 	 -2.55   0.23 
  110518860  	   67.19 -34.27  1.2e-01 3.16	  165.2 123.8 	  0.0   	  P8_TRANSIENT010E               	      0.000  10000.000 39.2 	  8.62e-07   3.88e-07 	 -1.84   0.31 	      0.000   3000.000 40.0 	  8.64e-07   3.90e-07 	 -1.80   0.31 	      974.080   3156.085 39.7 	  8.73e-07   3.91e-07 	 -1.84   0.31 
  110428388  	    5.44  64.95  1.1e-01 1.47	  34.6 84.4 	  2.8   	  P8_TRANSIENT010E               	      0.000  10000.000 27.8 	  6.59e-07   2.70e-07 	 -1.95   0.25 	      0.000    300.000 51.3 	  8.54e-06   2.80e-06 	 -1.81   0.23 	        7.090   2359.680 49.7 	  1.92e-06   5.74e-07 	 -1.91   0.20 
  110328520  	  121.65  41.53  1.1e-01 2.34	  35.8 43.3 	  15.6   	  P8_TRANSIENT010E               	      0.000  10000.000 50.3 	  1.76e-06   4.94e-07 	 -2.26   0.29 	      0.000   3000.000 46.9 	  2.65e-06   1.06e-06 	 -2.06   0.33 	        7.090    622.950 32.5 	  1.88e-06   9.78e-07 	 -1.97   0.42 
  110227229  	   18.04  22.66  2.7e-01 0.11	  6.7 47.5 	  2.5   	  P8_TRANSIENT010E               	      0.000   4000.000 18.2 	  2.60e-06   0.00e+00 	 -1.75   0.31 	      0.000   3000.000 18.2 	  2.60e-06   0.00e+00 	 -1.75   0.31 	        9.844   1164.609 17.9 	  2.55e-06   0.00e+00 	 -1.71   0.31 
  110123804  	  240.61  28.37  1.6e-01 5.07	  54.9 91.4 	  2.1   	  P8_TRANSIENT010E               	      0.000  10000.000 58.2 	  6.42e-07   1.87e-07 	 -2.02   0.23 	     18.977   8946.439 58.2 	  6.43e-07   1.87e-07 	 -2.02   0.23 	       18.977   8946.439 58.2 	  6.43e-07   1.87e-07 	 -2.02   0.23 
  110120666  	   61.63 -12.01  1.4e-01 1.19	  13.7 31.3 	  3.8   	  P8_TRANSIENT010E               	      0.000  10000.000 61.3 	  9.64e-07   2.65e-07 	 -2.14   0.24 	      0.000    300.000 71.7 	  7.67e-06   2.14e-06 	 -2.00   0.25 	        0.513   1112.849 61.5 	  2.38e-06   6.54e-07 	 -2.08   0.26 
  101227406  	  240.21 -15.93  2.3e-01 7.34	  13.6 37.2 	  2.4   	  P8_TRANSIENT020E               	      0.000    100.000 26.1 	  5.73e-06   3.00e-06 	 -1.50   0.32 	      0.000     30.000 26.1 	  1.36e-05   8.02e-06 	 -1.47   0.36 	       13.667     88.617 25.5 	  6.21e-06   3.52e-06 	 -1.41   0.32 
  101107011  	  170.27  23.88  1.4e-01 0.77	  36.6 28.3 	  2.4   	  P8_TRANSIENT010E               	      0.000  10000.000 34.9 	  1.07e-06   5.21e-07 	 -1.94   0.37 	      0.000    300.000 41.9 	  4.55e-06   2.08e-06 	 -1.89   0.36 	       97.921   1907.480 36.4 	  1.37e-06   6.55e-07 	 -1.98   0.39 
  101014175  	   26.49 -48.56  7.0e-02 3.14	  55.2 102.8 	  1.6   	  P8_TRANSIENT010E               	      0.000  10000.000 56.8 	  2.96e-07   1.19e-07 	 -1.49   0.22 	   1712.980   5387.060 67.4 	  4.93e-07   1.84e-07 	 -1.46   0.21 	     1712.980   5387.060 67.4 	  4.93e-07   1.84e-07 	 -1.46   0.21 
  100826957  	  278.28 -24.77  8.3e-01 0.97	  73.6 85.9 	  9.6   	  P8_TRANSIENT020E               	      0.000    100.000 27.6 	  1.17e-04   5.49e-05 	 -1.51   0.34 	      0.000    300.000 29.2 	  1.02e-04   4.75e-05 	 -1.50   0.34 	        0.000      0.000 0.0 	  0.00e+00   0.00e+00 	 0.00   0.00 
  100728095  	   88.82 -15.46  1.3e-01 3.09	  59.7 35.2 	  2.6   	  P8_TRANSIENT010E               	      0.000  10000.000 52.9 	  6.15e-07   2.12e-07 	 -1.78   0.22 	      0.000   3000.000 61.2 	  1.26e-06   4.20e-07 	 -1.73   0.22 	       70.525    711.834 58.2 	  3.99e-06   1.22e-06 	 -1.87   0.24 
  100724029  	  122.66  76.00  1.0e-01 2.76	  49.8 96.1 	  17.1   	  P8_TRANSIENT020E               	      0.000  10000.000 40.7 	  1.02e-06   3.55e-07 	 -2.42   0.34 	      0.000   1000.000 75.3 	  5.12e-05   8.26e-06 	 -4.17   0.43 	        5.106   3132.095 66.8 	  1.03e-05   1.84e-06 	 -3.24   0.37 
  100620119  	   84.66 -43.99  2.1e-01 0.09	  23.3 68.7 	  2.3   	  P8_TRANSIENT010E               	      0.000    500.000 5.5 	  3.83e-06   0.00e+00 	 -1.81   0.51 	      0.000   1000.000 4.5 	  2.18e-06   0.00e+00 	 -1.78   0.49 	        0.000      0.000 0.0 	  0.00e+00   0.00e+00 	 0.00   0.00 
  100511035  	  111.38  -0.99  5.0e-02 0.16	  47.6 25.4 	  3.9   	  P8_TRANSIENT010E               	      0.000  10000.000 90.6 	  1.53e-06   3.86e-07 	 -1.82   0.16 	      9.844   7175.686 90.7 	  1.56e-06   3.92e-07 	 -1.81   0.16 	        9.844   7175.686 90.7 	  1.56e-06   3.92e-07 	 -1.81   0.16 
  100423244  	  120.18  13.36  1.4e-01 2.60	  47.7 32.4 	  2.8   	  P8_TRANSIENT010E               	      0.000   4000.000 26.2 	  1.65e-06   8.51e-07 	 -1.77   0.32 	      7.090   1877.834 26.2 	  1.66e-06   8.57e-07 	 -1.77   0.32 	        7.090   1877.834 26.2 	  1.66e-06   8.57e-07 	 -1.77   0.32 
  100414097  	  192.13   8.56  6.0e-02 2.29	  69.2 27.8 	  3.5   	  P8_TRANSIENT010E               	      0.000  10000.000 172.0 	  1.78e-06   3.10e-07 	 -1.82   0.12 	      0.000   1000.000 199.1 	  8.58e-06   1.31e-06 	 -1.84   0.12 	       13.667   5506.148 193.8 	  3.13e-06   5.16e-07 	 -1.83   0.12 
  100325275  	  330.29 -27.08  5.8e-01 2.36	  7.2 52.8 	  3.8   	  P8_TRANSIENT100E               	      0.000    100.000 13.3 	  1.56e-05   0.00e+00 	 -2.01   0.50 	      0.000      1.000 51.4 	  6.56e-04   2.97e-04 	 -1.93   0.41 	        0.192     99.515 13.3 	  1.54e-05   0.00e+00 	 -1.98   0.49 
  100225115  	  311.93 -60.51  3.4e-01 2.83	  55.9 82.3 	  6.1   	  P8_TRANSIENT020E               	      0.000    100.000 15.4 	  3.52e-05   0.00e+00 	 -1.92   0.50 	      5.106   1352.465 24.6 	  1.22e-06   6.21e-07 	 -2.01   0.40 	        5.106   1352.465 24.6 	  1.22e-06   6.21e-07 	 -2.01   0.40 
  100116897  	  305.00  14.51  4.0e-02 3.56	  26.5 37.1 	  18.8   	  P8_TRANSIENT010E               	      0.000  10000.000 118.9 	  5.85e-06   1.42e-06 	 -1.87   0.18 	      0.000   3000.000 126.8 	  7.72e-06   1.65e-06 	 -1.87   0.17 	        7.090  47079.359 82.1 	  5.31e-07   1.77e-07 	 -1.68   0.19 
  091127976  	   36.65 -19.13  2.3e-01 2.50	  25.3 54.1 	  3.0   	  P8_TRANSIENT020E               	      0.000  10000.000 26.9 	  3.37e-07   1.56e-07 	 -1.78   0.29 	      0.000   1000.000 40.6 	  1.32e-06   5.21e-07 	 -1.62   0.25 	        5.106   2165.120 31.6 	  6.34e-07   2.90e-07 	 -1.67   0.28 
  091120191  	  226.70 -21.36  1.3e-01 3.92	  48.5 26.8 	  2.2   	  P8_TRANSIENT010E               	      0.000  10000.000 21.0 	  6.82e-07   3.24e-07 	 -2.37   0.42 	      0.000   3000.000 41.9 	  4.02e-06   1.19e-06 	 -2.64   0.36 	       18.977   1136.370 41.8 	  4.05e-06   1.21e-06 	 -2.64   0.36 
  091031500  	   71.70 -57.74  1.5e-01 1.82	  23.8 38.7 	  14.0   	  P8_TRANSIENT020E               	      0.000  10000.000 92.1 	  3.36e-06   7.56e-07 	 -2.19   0.22 	      0.000   1000.000 95.5 	  4.71e-06   1.05e-06 	 -2.15   0.22 	        0.052   1632.235 90.0 	  3.36e-06   7.75e-07 	 -2.15   0.22 
  091003191  	  251.53  36.61  7.0e-02 2.67	  12.2 62.2 	  3.1   	  P8_TRANSIENT010E               	      0.000  10000.000 101.9 	  9.77e-07   2.57e-07 	 -1.87   0.18 	      0.000   1000.000 147.9 	  5.80e-06   1.27e-06 	 -1.94   0.17 	        1.908   1286.509 144.0 	  4.61e-06   9.90e-07 	 -1.93   0.16 
  090926181  	  353.55 -66.37  4.0e-02 6.63	  48.1 80.5 	  21.5   	  P8_TRANSIENT020E               	      0.000  10000.000 1063.6 	  1.47e-05   8.96e-07 	 -2.11   0.06 	      0.000   1000.000 1162.6 	  3.23e-04   1.65e-05 	 -2.23   0.06 	        1.908   4419.533 1111.8 	  3.88e-05   2.30e-06 	 -2.12   0.06 
  090902462  	  264.94  27.32  2.0e-02 4.29	  50.8 38.4 	  23.1   	  P8_TRANSIENT020E               	      0.000  10000.000 1699.4 	  1.55e-05   8.26e-07 	 -1.95   0.04 	      0.370    669.102 1843.2 	  1.10e-04   5.55e-06 	 -1.94   0.04 	        0.370    669.102 1843.2 	  1.10e-04   5.55e-06 	 -1.94   0.04 
  090720710  	  203.96 -51.42  6.9e-01 2.04	  56.2 94.2 	  2.7   	  P8_TRANSIENT020E               	      0.000    100.000 13.2 	  5.09e-05   0.00e+00 	 -2.79   0.65 	      0.000     30.000 14.7 	  1.24e-04   0.00e+00 	 -2.73   0.79 	        0.099     74.749 12.8 	  6.71e-05   0.00e+00 	 -2.77   0.65 
  090626189  	  170.04 -33.58  1.7e-01 2.65	  18.2 10.2 	  6.9   	  P8_TRANSIENT010E               	      0.000  10000.000 95.0 	  3.00e-06   6.89e-07 	 -2.02   0.19 	      0.000   3000.000 102.4 	  1.06e-05   2.27e-06 	 -2.10   0.19 	        7.090    803.548 98.8 	  1.09e-05   2.40e-06 	 -2.10   0.20 
  090510016  	  333.57 -26.62  3.0e-02 1.20	  13.6 52.3 	  30.0   	  P8_TRANSIENT020E               	      0.000  10000.000 831.0 	  7.64e-06   5.92e-07 	 -2.03   0.07 	      0.000    100.000 976.3 	  3.67e-04   2.48e-05 	 -2.04   0.06 	        0.027     98.927 962.9 	  3.70e-04   2.50e-05 	 -2.05   0.06 
  090427977  	  235.86 -14.05  6.0e-02 7.25	  107.9 120.9 	  0.0   	  P8_TRANSIENT010E               	      0.000    500.000 42.0 	  4.66e-06   2.55e-06 	 -1.30   0.30 	    365.936    701.558 32.9 	  1.63e-06   1.05e-06 	 -1.22   0.35 	      365.936    701.558 32.9 	  1.63e-06   1.05e-06 	 -1.22   0.35 
  090424592  	  189.14  16.34  1.8e+00 2.36	  70.6 46.6 	  2.5   	  P8_TRANSIENT020E               	      0.000   4000.000 16.2 	  1.19e-04   0.00e+00 	 -2.98   0.65 	      0.000   1000.000 16.1 	  1.19e-04   0.00e+00 	 -2.98   0.64 	        7.090     33.688 10.0 	  5.66e-04   0.00e+00 	 -3.57   0.88 
  090328401  	   90.67 -41.95  8.0e-02 3.43	  64.4 70.9 	  10.1   	  P8_TRANSIENT010E               	      0.000  10000.000 237.8 	  2.69e-06   4.04e-07 	 -2.09   0.13 	     13.667   8149.575 239.2 	  2.78e-06   4.17e-07 	 -2.09   0.13 	       13.667   8149.575 239.2 	  2.78e-06   4.17e-07 	 -2.09   0.13 
  090323002  	  190.75  17.07  6.0e-02 3.90	  57.2 67.0 	  9.0   	  P8_TRANSIENT010E               	      0.000  10000.000 194.5 	  5.37e-06   8.00e-07 	 -2.26   0.14 	      7.090   6165.694 193.6 	  6.46e-06   9.67e-07 	 -2.25   0.14 	        7.090   6165.694 193.6 	  6.46e-06   9.67e-07 	 -2.25   0.14 
  090228204  	   98.59 -28.79  1.5e-01 4.38	  24.5 57.0 	  3.1   	  P8_TRANSIENT100E               	      0.000    100.000 34.4 	  1.38e-05   5.41e-06 	 -2.12   0.39 	      0.000     10.000 43.5 	  8.36e-05   3.69e-05 	 -1.76   0.35 	        0.072     94.686 33.5 	  1.34e-05   5.42e-06 	 -2.06   0.39 
  090227310  	    4.56 -44.62  2.3e-01 3.12	  21.1 45.0 	  5.2   	  P8_TRANSIENT010E               	      0.000  10000.000 28.7 	  1.35e-06   6.01e-07 	 -2.35   0.43 	      0.000    300.000 34.0 	  4.70e-06   1.87e-06 	 -2.02   0.35 	        2.649   1988.600 27.6 	  1.25e-06   4.54e-07 	 -2.28   0.38 
  090217206  	  204.68  -8.53  2.8e-01 3.81	  34.6 47.3 	  10.7   	  P8_TRANSIENT020E               	      0.000  10000.000 60.7 	  5.84e-06   1.44e-06 	 -2.50   0.26 	      0.000    300.000 75.6 	  1.90e-05   4.27e-06 	 -2.26   0.23 	        3.678    922.040 67.5 	  1.22e-05   2.93e-06 	 -2.40   0.25 
  081224887  	  201.10  72.68  2.4e-01 2.70	  15.6 49.3 	  3.2   	  P8_TRANSIENT010E               	      0.000    500.000 25.0 	  1.88e-06   9.67e-07 	 -1.80   0.35 	     18.977    382.233 25.2 	  2.65e-06   1.35e-06 	 -1.81   0.35 	       18.977    382.233 25.2 	  2.65e-06   1.35e-06 	 -1.81   0.35 
  081203581  	  233.46  63.95  2.8e-01 2.25	  147.2 119.1 	  0.0   	  P8_TRANSIENT010E               	      0.000  10000.000 23.7 	  1.38e-06   5.16e-07 	 -2.60   0.45 	      0.000   1000.000 27.0 	  1.33e-06   5.50e-07 	 -2.01   0.38 	      262.102   2446.600 23.4 	  1.43e-06   5.69e-07 	 -2.47   0.45 
  081122520  	  338.82  37.55  1.5e-01 3.03	  21.5 25.9 	  3.3   	  P8_TRANSIENT010E               	      0.000  10000.000 23.6 	  5.58e-07   2.45e-07 	 -2.09   0.33 	      0.000    300.000 35.0 	  3.07e-06   1.38e-06 	 -1.73   0.32 	        3.678   1281.390 29.2 	  9.75e-07   4.60e-07 	 -1.75   0.31 
  081102365  	  212.98  30.33  4.2e-01 2.14	  48.0 47.5 	  3.7   	  P8_TRANSIENT020E               	      0.000    100.000 13.3 	  2.78e-05   0.00e+00 	 -2.17   0.48 	      0.000      1.000 16.3 	  2.53e-03   0.00e+00 	 -2.57   0.64 	        0.266     63.852 11.1 	  3.87e-05   0.00e+00 	 -2.34   0.62 
  081024891  	  322.99  20.95  1.7e-01 3.20	  18.8 30.4 	  4.8   	  P8_TRANSIENT100E               	      0.000  10000.000 31.8 	  2.63e-06   1.28e-06 	 -1.92   0.36 	      0.000      3.000 155.0 	  7.04e-04   1.85e-04 	 -2.07   0.27 	        0.138    188.224 50.8 	  9.92e-06   3.68e-06 	 -1.83   0.29 
  081009140  	  251.58  18.92  2.0e-01 7.33	  69.0 54.5 	  2.6   	  P8_TRANSIENT010E               	      0.000  10000.000 40.3 	  1.00e-06   3.48e-07 	 -1.79   0.22 	      0.000   3000.000 49.9 	  2.13e-06   7.01e-07 	 -1.75   0.21 	       50.794   1250.131 46.2 	  3.56e-06   1.15e-06 	 -1.80   0.22 
  081006604  	  135.62 -61.84  2.7e-01 4.04	  10.6 40.1 	  3.4   	  P8_TRANSIENT010E               	      0.000  10000.000 68.0 	  1.56e-05   4.33e-06 	 -2.17   0.28 	      0.000     30.000 73.9 	  6.68e-05   1.97e-05 	 -2.07   0.29 	        0.713    112.914 67.7 	  2.27e-05   6.62e-06 	 -2.15   0.29 
  080916009  	  119.90 -56.70  3.0e-02 6.57	  48.9 83.7 	  21.3   	  P8_TRANSIENT020E               	      0.000  10000.000 955.4 	  3.25e-05   2.12e-06 	 -2.27   0.07 	      0.000   1000.000 1009.2 	  7.70e-05   4.78e-06 	 -2.20   0.06 	        2.649   1275.198 1007.6 	  6.23e-05   3.89e-06 	 -2.21   0.06 
  080825593  	  234.69  -3.74  4.2e-01 4.07	  59.9 25.7 	  5.0   	  P8_TRANSIENT020E               	      0.000   4000.000 27.7 	  4.84e-06   1.46e-06 	 -2.97   0.44 	      0.000    100.000 33.2 	  7.55e-05   2.11e-05 	 -2.85   0.41 	        2.649     28.291 25.8 	  2.00e-04   6.73e-05 	 -2.84   0.50 
  080818945  	  109.46  15.00  3.3e-01 1.89	  57.1 76.2 	  3.1   	  P8_TRANSIENT010E               	      0.000  10000.000 25.2 	  9.18e-07   4.73e-07 	 -1.84   0.39 	   8746.520   9668.607 28.9 	  2.05e-06   1.00e-06 	 -1.86   0.37 	     8746.520   9668.607 28.9 	  2.05e-06   1.00e-06 	 -1.86   0.37