grb GRBNAME met trigtime ra dec err ts real LLE_sig theta zenith source_events transient_events source_events_1GeV transient_events_1GeV max_photon_energy max_photon_time photon_flux photon_flux_err energy_flux energy_flux_err LAT_T90 LLE_T90 GBM_T90 LAT_GCN z afterglow BAT_det GCNNAME RA DEC ERR SEP2CLOSEST THETA ZENITH LLE IRFS TSTART_SU TSTOP_SU TS_SU Flux_SU Flux_SU_err Index_SU Index_SU_err TSTART_BEST TSTOP_BEST TS_BEST Flux_BEST Flux_BEST_err Index_BEST Index_BEST_err TSTART_AG TSTOP_AG TS_AG Flux_AG Flux_AG_err Index_AG Index_AG_err
GRB080818945 ---------- 240792050.08 "2008-08-18 22:40:49.079" 109.46 15.0 0.2564 25.1 YES 2.83 57.1 76.2 11.0 13.0 1.0 2.0 9106.7 9106.7 9e-07 4.66e-07 1.67e-09 1.78e-09 0.0 0.0 0.0 0.0 0.0 --- N 160422499 42.01 -57.82 0.0 3.96 53.3 102.1 2.0 P8_TRANSIENT010E 0.0 10000.0 33.1 1.86e-07 1.01e-07 -1.49 0.28 5.106 1252.289 43.0 1.39e-06 6.42e-07 -1.65 0.28 5.106 1252.289 43.0 1.39e-06 6.42e-07 -1.65 0.28
GRB080825593 ---------- 241366429.1 "2008-08-25 14:13:48.105" 234.7941 -3.7669 0.4798 100.4 YES 4.25 60.0 25.8 12.0 13.0 0.0 0.0 28.3 28.3 7.29e-05 2.18e-05 2.61e-08 9.47e-09 0.0 0.0 0.0 0.0 0.0 --- N 160325291 16.13 -72.65 0.14 3.4 6.8 55.4 4.1 P8_TRANSIENT010E 0.0 10000.0 80.2 4.32e-06 9.65e-07 -2.42 0.24 0.0 3000.0 80.3 4.42e-06 9.87e-07 -2.41 0.24 3.678 1555.719 76.1 4.5e-06 1.05e-06 -2.38 0.24
GRB080916009 GRB080916C 243216766.61 "2008-09-16 00:12:45.614" 119.9043 -56.6924 0.0317 2880.1 YES 15.08 48.9 83.7 167.0 216.0 15.0 15.0 65.5 65.5 0.000665 4.58e-05 4.48e-07 5.78e-08 0.0 0.0 0.0 0.0 4.35 XO N 160310016 98.78 -7.12 0.04 6.47 62.8 29.9 2.8 P8_TRANSIENT010E 0.0 10000.0 28.4 8.35e-07 7.16e-07 -1.52 0.46 0.0 3000.0 15.7 9.94e-06 0.0 -2.33 0.54 70.525 500.618 15.6 1.13e-05 0.0 -2.34 0.54
GRB081006604 ---------- 244996175.17 "2008-10-06 14:29:34.173" 135.53 -61.84 0.2578 101.2 YES 2.4 10.5 40.1 14.0 16.0 0.0 0.0 12.1 12.1 2.24e-05 6.84e-06 1.57e-08 8.68e-09 0.0 0.0 0.0 0.0 0.0 --- N 150913161 234.37 -52.78 0.75 4.72 32.2 63.8 3.2 P8_TRANSIENT020E 0.0 100.0 14.5 2.98e-05 0.0 -2.97 0.68 0.0 30.0 20.0 7.72e-05 0.0 -2.59 0.67 7.09 99.293 15.0 3.28e-05 0.0 -2.96 0.67
GRB081009140 ---------- 245215259.06 "2008-10-09 03:20:58.063" 251.5424 18.833 0.21 60.4 YES 2.54 69.0 54.5 27.0 32.0 5.0 5.0 341.1 341.1 2.03e-06 7.2e-07 4.19e-09 2.7e-09 0.0 0.0 0.0 0.0 0.0 --- N 150902733 214.92 -69.36 0.11 4.34 37.3 87.1 10.7 P8_TRANSIENT010E 0.0 4000.0 86.1 2.78e-06 5.67e-07 -2.42 0.21 0.0 1000.0 114.6 1.05e-05 1.91e-06 -2.4 0.21 2.649 2092.715 97.6 5.03e-06 9.76e-07 -2.48 0.21
GRB081024891 ---------- 246576161.86 "2008-10-24 21:22:40.864" 322.99 20.95 0.1667 95.8 YES 4.73 18.8 30.4 9.0 10.0 1.0 1.0 0.3 0.3 0.000237 6.19e-05 2.03e-07 1.23e-07 0.0 0.0 0.0 0.0 0.0 --- N 150724782 351.92 3.67 0.22 4.24 58.5 68.6 2.7 P8_TRANSIENT010E 0.0 500.0 13.8 1.74e-05 0.0 -1.76 0.53 0.0 100.0 14.6 3.39e-05 0.0 -1.49 0.53 26.348 389.525 13.8 2.07e-05 0.0 -1.75 0.53
GRB081102365 ---------- 247308301.51 "2008-11-02 08:45:00.506" 0.0 0.0 0.0 31.6 YES 3.01 48.0 47.4 4.0 6.0 0.0 0.0 1.3 1.3 2.91e-05 0.0 2.56e-08 0.0 0.0 0.0 0.0 0.0 0.0 --- N 150702998 52.57 -56.88 0.38 0.76 117.4 88.0 0.0 P8_TRANSIENT010E 0.0 10000.0 31.5 1.18e-06 4.23e-07 -2.31 0.35 0.0 3000.0 32.6 1.35e-06 4.74e-07 -2.3 0.38 363.916 2048.41 29.0 1.49e-06 5.57e-07 -2.28 0.38
GRB081122520 ---------- 249049693.21 "2008-11-22 12:28:12.211" 338.81 37.59 0.2246 33.6 YES 3.62 21.5 25.9 7.0 10.0 1.0 2.0 177.3 177.3 2.29e-06 9.53e-07 4.36e-09 3.97e-09 0.0 0.0 0.0 0.0 0.0 --- N 150627183 117.5 -51.55 0.05 3.62 74.3 97.3 2.6 P8_TRANSIENT010E 0.0 10000.0 229.0 1.51e-06 2.86e-07 -1.75 0.12 0.0 3000.0 245.6 2.68e-06 5.12e-07 -1.66 0.12 18.977 8906.405 229.0 1.51e-06 2.86e-07 -1.75 0.12
GRB081203581 GRB081203A 250005432.0 "2008-12-03 13:57:11.000" 233.46 63.95 0.2737 32.7 YES 0.0 36.9 64.5 6.0 6.0 1.0 1.0 348.7 348.7 2.9e-06 1.25e-06 2.08e-09 1.78e-09 0.0 0.0 0.0 0.0 2.1 --- Y 150523396 115.33 -45.43 0.05 2.69 25.8 55.5 5.3 P8_TRANSIENT010E 0.0 10000.0 195.5 3.07e-06 5.2e-07 -1.9 0.13 0.0 3000.0 219.3 8.79e-06 1.42e-06 -1.91 0.13 3.678 994.52 219.2 8.82e-06 1.43e-06 -1.91 0.13
GRB081224887 ---------- 251846276.41 "2008-12-24 21:17:55.414" 0.0 0.0 0.0 31.9 YES 3.24 15.6 49.3 10.0 12.0 1.0 1.0 324.9 324.9 2e-06 1.04e-06 3.53e-09 3.52e-09 0.0 0.0 0.0 0.0 0.0 --- N 150514774 74.92 -60.86 0.1 0.97 38.5 58.3 4.3 P8_TRANSIENT010E 0.0 10000.0 30.5 6.37e-07 5.22e-07 -1.32 0.47 0.0 1000.0 31.0 7.78e-07 6.17e-07 -1.33 0.46 2.649 622.735 30.9 7.76e-07 6.17e-07 -1.33 0.46
GRB090217206 ---------- 256539404.56 "2009-02-17 04:56:42.558" 205.06 -8.36 0.245 177.5 YES 5.01 34.4 46.9 16.0 20.0 0.0 0.0 14.8 14.8 4.77e-05 1.1e-05 2.83e-08 1.17e-08 0.0 0.0 0.0 0.0 0.0 --- N 150510139 16.41 4.9 0.22 2.63 56.0 10.1 7.2 P8_TRANSIENT010E 0.0 10000.0 52.6 5.99e-06 2.06e-06 -1.9 0.26 0.0 3000.0 52.6 5.99e-06 2.06e-06 -1.9 0.34 1.908 100.912 33.8 2.29e-05 1.02e-05 -1.89 0.34
GRB090227310 ---------- 257412359.0 "2009-02-27 07:25:57.003" 4.56 -44.62 0.2315 35.8 YES 3.0 21.1 45.0 7.0 10.0 1.0 1.0 2.9 2.9 3.1e-06 1.29e-06 2.86e-09 2.2e-09 0.0 0.0 0.0 0.0 0.0 --- N 150422703 211.54 -16.02 0.48 5.41 60.9 19.5 2.3 P8_TRANSIENT010E 0.0 4000.0 20.8 1.42e-06 5.33e-07 -2.84 0.5 0.0 1000.0 22.3 2.19e-06 8.46e-07 -2.75 0.5 18.977 1762.471 20.8 1.47e-06 5.53e-07 -2.84 0.5
GRB090228204 ---------- 257489602.91 "2009-02-28 04:53:20.911" 98.59 -28.79 0.16 44.5 YES 3.48 24.5 57.0 5.0 6.0 1.0 1.0 2.1 2.1 9.83e-05 4.32e-05 2.04e-07 2.19e-07 0.0 0.0 0.0 0.0 0.0 --- N 150403913 311.75 -62.48 0.16 1.93 55.2 104.7 1.9 P8_TRANSIENT010E 0.0 10000.0 54.8 5.21e-07 1.78e-07 -1.79 0.22 0.0 3000.0 62.0 1.13e-06 3.61e-07 -1.83 0.22 70.525 1705.029 60.0 1.69e-06 5.61e-07 -1.76 0.22
GRB090323002 GRB090323 259459364.63 "2009-03-23 00:02:42.627" 190.7646 17.0724 0.0623 424.2 YES 4.74 57.2 67.0 51.0 68.0 8.0 8.0 485.2 485.2 2.68e-05 3.41e-06 1.51e-08 4.09e-09 0.0 0.0 0.0 0.0 3.57 XOR N 150314205 126.21 63.54 0.26 1.27 47.7 92.1 2.4 P8_TRANSIENT010E 0.0 4000.0 26.3 8.38e-07 3.03e-07 -2.31 0.33 0.0 300.0 29.8 1.17e-05 3.25e-06 -2.5 0.33 0.099 3956.584 26.8 8.6e-07 3.08e-07 -2.32 0.33
GRB090328401 GRB090328 259925808.51 "2009-03-28 09:36:46.511" 90.6856 -41.9627 0.0874 372.9 YES 9.91 64.4 70.9 92.0 118.0 17.0 17.0 1638.1 1638.1 5.47e-06 8.32e-07 4.34e-09 1.1e-09 0.0 0.0 0.0 0.0 0.736 XOR N 150210935 112.09 13.33 0.17 1.29 53.8 9.7 13.7 P8_TRANSIENT100E 0.0 10000.0 33.2 1.84e-06 7.13e-07 -2.09 0.3 0.0 10.0 133.9 0.000476 0.000115 -2.55 0.3 0.713 1680.32 47.4 6.51e-06 2.1e-06 -2.23 0.3
GRB090424592 ---------- 262275130.66 "2009-04-24 14:12:08.665" 0.0 0.0 0.0 42.5 YES 1.91 70.6 46.6 4.0 5.0 0.0 0.0 33.7 33.7 0.000201 0.0 1.76e-07 0.0 0.0 0.0 0.0 0.0 0.0 --- N 150202999 86.28 59.04 0.23 0.87 17.3 66.9 11.3 P8_TRANSIENT010E 0.0 10000.0 22.9 1.23e-06 5.29e-07 -2.13 0.38 7.09 1566.33 25.4 1.53e-06 6.32e-07 -2.15 0.38 7.09 1566.33 25.4 1.53e-06 6.32e-07 -2.15 0.38
GRB090427977 ---------- 262567593.0 "2009-04-27 23:26:31.000" 235.86 -14.05 0.0788 39.1 YES 0.0 71.1 75.1 4.0 4.0 2.0 2.0 436.6 436.6 5e-06 2.74e-06 4.55e-08 4.49e-08 0.0 0.0 0.0 0.0 0.0 --- N 150118409 240.24 -35.92 0.39 4.54 66.3 93.2 3.0 P8_TRANSIENT020E 0.0 500.0 13.4 8.06e-05 0.0 -2.52 0.49 0.0 1000.0 13.4 8.06e-05 0.0 -2.52 0.5 3.678 141.156 13.0 9.3e-05 0.0 -2.5 0.5
GRB090510016 GRB090510 263607781.97 "2009-05-10 00:22:59.971" 333.5677 -26.6245 0.0299 2838.1 YES 30.4 13.6 52.3 171.0 216.0 33.0 34.0 2.2 2.2 0.000379 2.58e-05 3.74e-07 6.45e-08 0.0 0.0 0.0 0.0 0.903 XO Y 141222298 177.99 -57.32 0.05 3.75 45.9 93.5 4.7 P8_TRANSIENT010E 0.0 10000.0 74.4 1.19e-06 4.27e-07 -1.61 0.2 0.513 405.383 111.7 1.56e-05 4.28e-06 -1.73 0.17 0.513 405.383 111.7 1.56e-05 4.28e-06 -1.73 0.17
GRB090626189 ---------- 267683530.88 "2009-06-26 04:32:08.880" 170.1502 -33.5414 0.2177 163.1 YES 6.24 18.3 10.2 33.0 37.0 6.0 6.0 949.3 949.3 1.02e-05 2.34e-06 9.07e-09 3.66e-09 0.0 0.0 0.0 0.0 0.0 --- N 141221897 99.12 -66.91 0.23 0.82 39.0 84.7 3.3 P8_TRANSIENT020E 0.0 100.0 30.2 1.42e-05 5.35e-06 -2.0 0.35 18.977 58.46 30.6 2.7e-05 1.14e-05 -1.85 0.36 18.977 58.46 30.6 2.7e-05 1.14e-05 -1.85 0.36
GRB090720710 ---------- 269802178.9 "2009-07-20 17:02:56.905" 0.0 0.0 0.0 35.9 YES 3.43 56.2 94.2 5.0 5.0 1.0 1.0 67.9 67.9 4.97e-05 0.0 4.37e-08 0.0 0.0 0.0 0.0 0.0 0.0 --- N 141207800 159.86 3.87 0.08 2.34 60.6 35.0 7.7 P8_TRANSIENT020E 0.0 10000.0 156.3 4.06e-06 7.58e-07 -1.82 0.13 0.0 1000.0 179.6 1.02e-05 1.71e-06 -1.78 0.12 1.374 2092.49 176.6 8.72e-06 1.49e-06 -1.8 0.12
GRB090902462 GRB090902B 273582310.31 "2009-09-02 11:05:08.313" 264.95 27.32 0.0294 4693.3 YES 10.69 50.7 38.3 247.0 314.0 55.0 56.0 98.7 98.7 0.000822 4.41e-05 1.07e-06 1.56e-07 0.0 0.0 0.0 0.0 1.822 XOR N 141113346 183.92 77.32 0.48 3.27 51.0 86.2 3.5 P8_TRANSIENT020E 0.0 100.0 25.8 1.55e-05 6.89e-06 -2.16 0.41 0.0 100.0 25.8 1.55e-05 6.89e-06 -2.16 0.45 0.072 3.454 22.9 0.000466 0.000194 -2.18 0.45
GRB090926181 GRB090926A 275631628.99 "2009-09-26 04:20:26.987" 353.55 -66.37 0.04 4269.1 YES 19.58 48.1 80.5 253.0 295.0 29.0 29.0 24.0 24.0 0.000954 5.24e-05 6.28e-07 8.03e-08 0.0 0.0 0.0 0.0 2.1062 --- N 141102536 209.08 -46.69 0.44 2.54 52.3 53.5 1.7 P8_TRANSIENT020E 0.0 4000.0 9.1 2.55e-06 0.0 -2.62 0.56 0.0 100.0 26.3 2.87e-05 1.1e-05 -2.46 0.47 1.908 1023.34 11.7 3.66e-06 0.0 -2.46 0.47
GRB091003191 GRB091003 276237346.58 "2009-10-03 04:35:45.585" 251.53 36.61 0.0709 166.0 YES 3.02 12.2 62.2 28.0 34.0 5.0 6.0 6.7 6.7 1.1e-05 2.11e-06 1.52e-08 7.77e-09 0.0 0.0 0.0 0.0 0.8969 XO N 141028455 322.78 -0.64 0.19 1.44 32.0 48.9 19.8 P8_TRANSIENT010E 0.0 10000.0 88.9 2.27e-06 4.32e-07 -2.62 0.25 9.844 500.51 120.1 2.05e-05 3.61e-06 -2.52 0.24 9.844 500.51 120.1 2.05e-05 3.61e-06 -2.52 0.24
GRB091031500 ---------- 278683230.85 "2009-10-31 12:00:28.846" 71.7491 -57.7054 0.1725 185.1 YES 7.13 23.9 38.7 16.0 17.0 3.0 3.0 54.3 54.3 3.02e-05 8.59e-06 3.05e-08 1.8e-08 0.0 0.0 0.0 0.0 0.0 --- N 141022087 128.12 -72.66 0.33 3.16 111.1 102.2 0.0 P8_TRANSIENT010E 0.0 500.0 17.9 2.05e-05 0.0 -2.85 0.63 0.0 1000.0 18.0 2.05e-05 0.0 -2.86 0.62 188.772 325.107 17.4 3.15e-05 0.0 -2.69 0.62
GRB091120191 ---------- 280384482.23 "2009-11-20 04:34:40.230" 226.7 -21.36 0.1374 64.9 YES 2.83 48.5 26.8 35.0 45.0 2.0 2.0 565.9 565.9 2.82e-06 1.05e-06 1.35e-09 5.61e-10 0.0 0.0 0.0 0.0 0.0 --- N 141012773 289.93 -53.05 0.18 3.3 47.3 94.8 2.6 P8_TRANSIENT010E 0.0 10000.0 54.3 1.59e-05 5.57e-06 -2.27 0.29 2.649 107.033 69.7 4.59e-05 1.37e-05 -2.0 0.25 2.649 107.033 69.7 4.59e-05 1.37e-05 -2.0 0.25
GRB091127976 GRB091127 281057147.48 "2009-11-27 23:25:45.483" 36.63 -19.21 0.2582 36.5 YES 2.5 25.2 54.1 3.0 4.0 2.0 2.0 35.5 35.5 6.25e-06 3.68e-06 3.71e-08 4.06e-08 0.0 0.0 0.0 0.0 0.49 XO Y 140928437 43.76 -55.92 0.07 4.24 110.0 111.3 0.0 P8_TRANSIENT010E 0.0 10000.0 57.7 5.46e-07 2.78e-07 -1.18 0.27 1352.465 3138.739 58.0 5.75e-07 2.94e-07 -1.19 0.27 1352.465 3138.739 58.0 5.75e-07 2.94e-07 -1.19 0.27
GRB100116897 ---------- 285370262.24 "2010-01-16 21:31:00.242" 305.0 14.51 0.0453 160.9 YES 13.36 26.5 37.1 26.0 31.0 5.0 6.0 101.3 101.3 1.09e-05 2.39e-06 1.76e-08 8.37e-09 0.0 0.0 0.0 0.0 0.0 --- N 140810782 118.93 27.4 0.05 2.57 123.1 88.8 0.0 P8_TRANSIENT010E 0.0 10000.0 66.1 4.42e-07 1.65e-07 -1.64 0.23 0.0 3000.0 80.4 1.14e-06 3.8e-07 -1.66 0.2 363.916 20174.51 78.7 3.18e-07 1.11e-07 -1.55 0.2
GRB100225115 ---------- 288758733.15 "2010-02-25 02:45:31.147" 0.0 0.0 0.0 47.0 YES 7.14 55.9 82.3 8.0 9.0 2.0 2.0 13.3 13.3 3.83e-05 0.0 3.37e-08 0.0 0.0 0.0 0.0 0.0 0.0 --- N 140729026 193.91 15.43 0.19 4.79 25.6 40.0 2.4 P8_TRANSIENT020E 0.0 10000.0 46.4 3.73e-06 1.26e-06 -2.1 0.3 0.0 100.0 58.8 1.76e-05 5.28e-06 -1.81 0.29 3.678 1112.375 47.5 3.94e-06 1.31e-06 -2.03 0.29
GRB100325275 ---------- 291191770.02 "2010-03-25 06:36:08.023" 0.0 0.0 0.0 37.5 YES 4.0 7.1 52.6 4.0 4.0 0.0 0.0 0.4 0.4 0.000103 3.92e-05 6.5e-08 5.16e-08 0.0 0.0 0.0 0.0 0.0 --- N 140724533 326.66 -8.65 0.29 3.49 94.7 104.4 0.0 P8_TRANSIENT010E 0.0 10000.0 23.6 1.69e-06 6.85e-07 -2.31 0.36 0.0 3000.0 10.1 2.12e-06 0.0 -1.92 0.56 7911.662 43331.621 4.6 9.87e-07 0.0 -2.51 0.56
GRB100414097 GRB100414A 292904423.99 "2010-04-14 02:20:21.986" 192.1432 8.5587 0.0648 302.1 YES 2.84 69.2 27.8 33.0 45.0 7.0 7.0 200.5 200.5 1.83e-05 3.32e-06 2.88e-08 1.38e-08 0.0 0.0 0.0 0.0 1.368 XOR N 140723067 210.66 -3.7 0.19 4.09 54.5 38.3 4.4 P8_TRANSIENT010E 0.0 10000.0 59.9 3.61e-06 9.28e-07 -2.17 0.21 0.0 300.0 79.5 2.7e-05 5.15e-06 -2.08 0.19 0.513 1012.355 69.6 8.31e-06 1.95e-06 -2.1 0.19
GRB100423244 ---------- 293694687.75 "2010-04-23 05:51:25.750" 0.0 0.0 0.0 39.4 YES 1.87 47.7 32.4 10.0 14.0 1.0 1.0 180.6 180.6 3.19e-06 1.9e-06 4.79e-09 4.39e-09 0.0 0.0 0.0 0.0 0.0 --- N 140619475 132.67 -9.66 0.05 2.08 38.5 25.1 6.2 P8_TRANSIENT100E 0.0 10000.0 55.0 3.44e-06 1.15e-06 -2.05 0.25 0.192 3.193 283.5 0.00147 0.000299 -1.98 0.19 0.192 3.193 283.5 0.00147 0.000299 -1.98 0.19
GRB100511035 ---------- 295231798.23 "2010-05-11 00:49:56.230" 111.3861 -0.9895 0.0522 133.3 YES 3.6 47.6 25.4 99.0 125.0 10.0 11.0 69.2 69.2 1.48e-06 3.91e-07 2.81e-09 1.91e-09 0.0 0.0 0.0 0.0 0.0 --- N 140528837 280.59 -59.45 0.22 2.75 45.9 65.9 2.5 P8_TRANSIENT010E 0.0 4000.0 31.0 1.28e-06 4.87e-07 -2.1 0.3 70.525 2229.262 32.0 1.52e-06 5.68e-07 -2.11 0.3 70.525 2229.262 32.0 1.52e-06 5.68e-07 -2.11 0.3
GRB100620119 ---------- 298695091.11 "2010-06-20 02:51:29.113" 0.0 0.0 0.0 30.6 YES 2.48 23.3 68.7 11.0 13.0 3.0 3.0 474.7 474.7 3.65e-06 0.0 3.21e-09 0.0 0.0 0.0 0.0 0.0 0.0 --- N 140523129 133.09 24.84 0.17 3.96 56.0 28.0 3.5 P8_TRANSIENT010E 0.0 10000.0 91.7 6.01e-06 1.27e-06 -1.99 0.16 1.374 1098.98 115.9 4.32e-05 8.18e-06 -2.04 0.16 1.374 1098.98 115.9 4.32e-05 8.18e-06 -2.04 0.16
GRB100724029 ---------- 301624927.99 "2010-07-24 00:42:05.992" 126.2631 77.1539 0.8016 162.2 YES 11.41 49.5 95.0 16.0 20.0 0.0 0.0 13.4 13.4 9.25e-05 2.28e-05 2.14e-08 5.67e-09 0.0 0.0 0.0 0.0 0.0 --- N 140416060 35.74 42.1 0.07 0.93 138.8 94.3 0.0 P8_TRANSIENT010E 0.0 10000.0 29.3 1.36e-06 6.31e-07 -2.01 0.33 974.08 3133.66 33.6 1.94e-06 7.74e-07 -2.05 0.3 974.08 3133.66 33.6 1.94e-06 7.74e-07 -2.05 0.3
GRB100728095 GRB100728A 301976252.61 "2010-07-28 02:17:30.611" 88.8 -15.4 0.1319 68.4 YES 2.54 59.8 35.2 44.0 59.0 12.0 13.0 248.6 248.6 1.36e-06 4.53e-07 2.93e-09 1.79e-09 0.0 0.0 0.0 0.0 1.567 XO Y 140402007 207.65 5.97 0.11 1.62 13.7 47.2 5.4 P8_TRANSIENT020E 0.0 10000.0 47.4 6.84e-07 2.62e-07 -1.96 0.28 0.0 100.0 80.8 1.95e-05 6.26e-06 -1.76 0.25 0.037 17.862 70.2 8.83e-05 3.11e-05 -1.76 0.25
GRB100826957 ---------- 304556310.0 "2010-08-26 22:58:28.000" 278.28 -24.77 0.0 27.8 YES 3.46 73.6 85.9 3.0 3.0 0.0 0.0 28.4 28.4 0.000123 5.8e-05 5.67e-07 6.21e-07 0.0 0.0 0.0 0.0 0.0 --- N 140323433 356.54 -79.93 0.13 2.35 30.6 68.7 2.1 P8_TRANSIENT010E 0.0 10000.0 40.1 1.76e-06 8.83e-07 -1.54 0.3 0.0 3000.0 40.1 1.76e-06 8.83e-07 -1.54 0.35 135.959 744.197 26.2 2.06e-06 1.17e-06 -1.61 0.35
GRB101014175 ---------- 308722314.62 "2010-10-14 04:11:52.622" 26.5 -48.54 0.0659 69.7 YES 3.43 55.2 102.8 48.0 65.0 6.0 6.0 9479.4 9479.4 4.17e-07 1.6e-07 1.34e-09 8.55e-10 0.0 0.0 0.0 0.0 0.0 --- N 140219824 158.2 7.26 0.62 2.21 95.9 112.9 0.0 P8_TRANSIENT010E 0.0 10000.0 24.0 1.48e-06 6.41e-07 -2.24 0.38 0.0 3000.0 26.0 1.72e-06 7.24e-07 -2.09 0.34 505.28 3430.36 25.9 1.72e-06 7.24e-07 -2.09 0.34
GRB101107011 ---------- 310781787.12 "2010-11-07 00:16:25.117" 170.27 23.88 0.1311 59.0 YES 1.66 36.6 28.3 11.0 13.0 2.0 2.0 151.1 151.1 3.96e-06 1.54e-06 3.82e-09 2.78e-09 0.0 0.0 0.0 0.0 0.0 --- N 140206275 315.24 -8.79 0.06 5.73 46.2 85.4 23.9 P8_TRANSIENT010E 0.0 10000.0 300.7 3.17e-06 4.03e-07 -2.1 0.11 9.844 8591.231 302.7 3.21e-06 4.08e-07 -2.1 0.11 9.844 8591.231 302.7 3.21e-06 4.08e-07 -2.1 0.11
GRB101227406 ---------- 315135908.57 "2010-12-27 09:45:06.568" 240.21 -15.93 0.2905 25.6 YES 2.98 13.6 37.2 6.0 6.0 3.0 3.0 20.5 20.5 6.1e-06 3.18e-06 2.82e-08 3.2e-08 0.0 0.0 0.0 0.0 0.0 --- N 140204547 153.91 49.37 0.13 0.11 41.9 47.3 2.4 P8_TRANSIENT010E 0.0 10000.0 23.4 7.38e-07 3.08e-07 -1.75 0.26 36.583 23772.039 37.0 3.65e-07 1.22e-07 -1.57 0.18 36.583 23772.039 37.0 3.65e-07 1.22e-07 -1.57 0.18
GRB110120666 ---------- 317231981.23 "2011-01-20 15:59:39.229" 61.6223 -12.0016 0.1979 79.6 YES 3.53 13.8 31.4 12.0 15.0 1.0 1.0 111.4 111.4 4.22e-06 1.34e-06 5.34e-09 3.58e-09 0.0 0.0 0.0 0.0 0.0 --- N 140124527 59.26 36.86 0.24 3.58 19.9 65.9 3.0 P8_TRANSIENT010E 0.0 500.0 24.8 1.66e-06 9.26e-07 -1.54 0.33 0.0 1000.0 23.6 1.39e-06 7.57e-07 -1.72 0.34 36.583 45184.898 16.4 3.29e-07 0.0 -1.53 0.34
GRB110123804 ---------- 317503067.05 "2011-01-23 19:17:45.045" 240.5884 28.3645 0.1446 62.2 YES 2.38 54.9 91.4 63.0 82.0 7.0 7.0 1033.6 1033.6 7.54e-07 2.11e-07 6.87e-10 3.18e-10 0.0 0.0 0.0 0.0 0.0 --- N 140110263 29.12 -36.53 0.17 3.05 34.7 64.4 8.6 P8_TRANSIENT020E 0.0 10000.0 65.8 3.08e-06 6.86e-07 -2.49 0.26 0.0 300.0 94.5 2.23e-05 4.14e-06 -2.43 0.23 0.513 968.638 74.9 5.72e-06 1.21e-06 -2.4 0.23
GRB110227229 ---------- 320477412.82 "2011-02-27 05:30:10.822" 0.0 0.0 0.0 35.4 YES 2.06 6.7 47.5 19.0 22.0 2.0 2.0 220.3 220.3 2.9e-06 0.0 2.55e-09 0.0 0.0 0.0 0.0 0.0 0.0 --- N 140104731 218.76 -8.98 0.13 3.87 18.0 36.3 2.6 P8_TRANSIENT010E 0.0 10000.0 49.8 9.09e-07 2.96e-07 -1.96 0.24 0.0 3000.0 61.9 1.94e-06 5.78e-07 -1.94 0.23 188.772 1510.937 58.4 2.64e-06 7.94e-07 -1.93 0.23
GRB110328520 ---------- 323008161.19 "2011-03-28 12:29:19.194" 121.65 41.53 0.117 51.8 YES 6.63 35.8 43.3 10.0 15.0 2.0 2.0 737.2 737.2 2.37e-06 1.11e-06 2.7e-09 2.03e-09 0.0 0.0 0.0 0.0 0.0 --- N 140102887 211.92 1.36 0.12 2.51 47.2 45.1 6.4 P8_TRANSIENT020E 0.0 10000.0 42.4 4.09e-07 1.81e-07 -1.61 0.26 0.0 3000.0 68.3 2.95e-06 9.65e-07 -1.82 0.23 2.649 661.288 66.0 3.36e-06 1.16e-06 -1.72 0.23
GRB110428388 GRB110428A 325675112.41 "2011-04-28 09:18:30.406" 5.41 65.01 0.13 62.9 YES 2.16 34.6 84.4 42.0 47.0 8.0 8.0 242.6 242.6 6.69e-06 2.03e-06 9.1e-09 5.28e-09 0.0 0.0 0.0 0.0 0.0 X N 131231198 10.55 -1.72 0.03 2.23 38.2 41.3 9.3 P8_TRANSIENT010E 0.0 10000.0 240.7 1.68e-06 3.13e-07 -1.68 0.12 18.977 5099.583 250.9 2.69e-06 4.93e-07 -1.66 0.12 18.977 5099.583 250.9 2.69e-06 4.93e-07 -1.66 0.12
GRB110518860 ---------- 327443891.0 "2011-05-18 20:38:09.000" 67.19 -34.27 0.1299 38.2 YES 0.0 165.2 123.8 18.0 25.0 3.0 3.0 3018.5 3018.5 8.3e-07 3.79e-07 1.6e-09 1.32e-09 0.0 0.0 0.0 0.0 0.0 --- N 131209547 137.11 -33.92 0.84 1.48 20.8 54.2 2.3 P8_TRANSIENT020E 0.0 500.0 20.6 5.52e-06 1.88e-06 -3.55 0.74 0.0 100.0 17.8 2.56e-05 0.0 -3.16 0.67 9.844 147.206 17.4 2.05e-05 0.0 -3.2 0.67
GRB110625881 GRB110625A 330728900.24 "2011-06-25 21:08:18.236" 286.6377 6.5663 0.1564 98.2 YES 2.0 87.4 50.4 90.0 121.0 14.0 16.0 795.5 795.5 1.65e-05 4.12e-06 6.98e-09 1.84e-09 0.0 0.0 0.0 0.0 0.0 X Y 131108862 156.79 9.59 0.12 4.6 25.1 22.0 24.3 P8_TRANSIENT020E 0.0 10000.0 351.9 6.23e-06 5.81e-07 -2.59 0.12 0.019 433.449 420.9 6.9e-05 5.86e-06 -2.64 0.11 0.019 433.449 420.9 6.9e-05 5.86e-06 -2.64 0.11
GRB110721200 ---------- 332916465.76 "2011-07-21 04:47:43.761" 333.5284 -38.5754 0.0913 288.3 YES 28.65 40.4 83.1 26.0 30.0 2.0 2.0 76.3 76.3 7.12e-05 1.21e-05 3.8e-08 1.17e-08 0.0 0.0 0.0 0.0 0.0 --- N 131029973 200.85 48.03 0.13 1.69 59.7 93.9 2.9 P8_TRANSIENT010E 0.0 10000.0 59.4 2.66e-06 6.05e-07 -2.49 0.24 0.0 3000.0 87.7 1.38e-05 2.35e-06 -2.48 0.21 36.583 3224.02 87.6 1.41e-05 2.41e-06 -2.48 0.21
GRB110728056 ---------- 333508824.82 "2011-07-28 01:20:22.816" 173.55 4.36 0.4187 55.1 YES 2.81 41.3 15.6 7.0 7.0 2.0 2.0 0.4 0.4 0.000164 6.65e-05 1.47e-07 1.39e-07 0.0 0.0 0.0 0.0 0.0 --- N 131014215 100.41 -19.2 0.26 3.32 73.5 75.6 8.1 P8_TRANSIENT100E 0.0 10000.0 32.1 2.13e-06 6.05e-07 -2.21 0.25 0.0 30.0 192.0 0.00106 0.000218 -1.96 0.18 1.374 345.4 91.2 2.28e-05 4.79e-06 -1.99 0.18
GRB110731465 GRB110731A 333803371.95 "2011-07-31 11:09:29.954" 280.44 -28.59 0.1846 474.8 YES 12.02 3.4 50.7 61.0 69.0 6.0 6.0 5.5 5.5 0.000109 1.54e-05 6.01e-08 1.4e-08 0.0 0.0 0.0 0.0 2.83 XO Y 130907904 215.92 45.7 0.19 3.15 105.6 57.5 0.0 P8_TRANSIENT010E 0.0 10000.0 30.0 7.61e-07 3.72e-07 -2.07 0.41 3228.6 5231.492 29.9 9.94e-07 4.89e-07 -2.06 0.4 3228.6 5231.492 29.9 9.94e-07 4.89e-07 -2.06 0.4
GRB110903111 GRB110903A 336710376.42 "2011-09-03 02:39:34.422" 197.2614 58.8524 0.0514 69.2 YES 2.8 44.3 93.9 4.0 12.0 2.0 3.0 370.1 370.1 2.46e-06 1.34e-06 1.42e-08 1.32e-08 0.0 0.0 0.0 0.0 0.0 X N 130828306 259.78 28.19 0.21 7.87 40.6 45.7 5.9 P8_TRANSIENT020E 0.0 10000.0 64.9 1.41e-06 3.16e-07 -2.33 0.23 13.667 406.88 122.7 1.98e-05 3.37e-06 -2.28 0.2 13.667 406.88 122.7 1.98e-05 3.37e-06 -2.28 0.2
GRB110921912 ---------- 338334767.09 "2011-09-21 21:52:45.092" 5.77 -26.58 0.2519 66.6 YES 3.5 34.2 21.8 12.0 13.0 1.0 1.0 13.1 13.1 4.31e-06 1.5e-06 6.59e-09 4.84e-09 0.0 0.0 0.0 0.0 0.0 --- N 130821674 314.21 -11.53 0.11 4.4 34.9 48.4 10.8 P8_TRANSIENT010E 0.0 10000.0 168.5 2.69e-06 3.94e-07 -2.43 0.17 0.0 3000.0 167.0 5.08e-06 7.78e-07 -2.34 0.17 26.348 7718.927 166.9 2.75e-06 4.06e-07 -2.43 0.17
GRB120107384 ---------- 347620337.41 "2012-01-07 09:12:15.411" 244.94 -70.05 0.3612 52.0 YES 1.86 46.3 96.2 8.0 8.0 3.0 3.0 6.9 6.9 1.48e-05 7.29e-06 2.93e-08 2.89e-08 0.0 0.0 0.0 0.0 0.0 --- N 130804023 261.12 -61.81 0.06 2.54 24.7 67.7 2.2 P8_TRANSIENT010E 0.0 500.0 26.0 2.1e-06 1.17e-06 -1.83 0.41 50.794 478.199 25.9 2.45e-06 1.36e-06 -1.82 0.41 50.794 478.199 25.9 2.45e-06 1.36e-06 -1.82 0.41
GRB120226871 ---------- 351982459.03 "2012-02-26 20:54:17.027" 302.97 48.98 0.4306 57.1 YES 2.37 35.7 41.7 29.0 40.0 2.0 2.0 363.0 363.0 6.33e-06 2.08e-06 2.31e-09 9.44e-10 0.0 0.0 0.0 0.0 0.0 --- N 130702004 216.4 16.16 0.43 3.61 75.9 77.6 2.0 P8_TRANSIENT010E 0.0 10000.0 27.4 1.33e-06 5.37e-07 -2.0 0.34 262.102 1818.175 30.9 1.67e-06 6.53e-07 -1.98 0.33 262.102 1818.175 30.9 1.67e-06 6.53e-07 -1.98 0.33
GRB120316008 ---------- 353549464.56 "2012-03-16 00:11:02.559" 57.34 -56.41 0.231 66.3 YES 3.27 10.0 48.8 13.0 13.0 1.0 1.0 74.6 74.6 4.67e-06 1.41e-06 3.52e-09 2.16e-09 0.0 0.0 0.0 0.0 0.0 --- N 130606497 218.57 -22.15 0.08 4.62 90.5 10.9 0.0 P8_TRANSIENT010E 0.0 10000.0 81.9 3.14e-06 1.04e-06 -1.77 0.22 0.0 1000.0 92.6 7.07e-06 2.04e-06 -1.77 0.21 97.921 787.455 84.8 7.12e-06 2.16e-06 -1.78 0.21
GRB120420858 ---------- 356646915.07 "2012-04-20 20:35:13.070" 108.77 15.17 0.2285 36.5 YES 0.0 110.4 77.8 13.0 20.0 1.0 1.0 3538.5 3538.5 3.55e-06 1.21e-06 2.49e-09 1.45e-09 0.0 0.0 0.0 0.0 0.0 --- N 130518580 355.6 47.53 0.13 4.24 41.0 83.1 9.2 P8_TRANSIENT010E 0.0 10000.0 73.9 2.32e-06 5.39e-07 -2.54 0.26 0.0 1000.0 107.7 2.46e-05 4.81e-06 -2.53 0.26 13.667 11935.08 85.4 2.15e-06 4.19e-07 -2.8 0.26
GRB120526303 ---------- 359709402.77 "2012-05-26 07:16:40.770" 53.82 -35.24 0.0779 128.9 YES 0.0 149.7 110.1 39.0 49.0 6.0 6.0 2527.6 2527.6 2.1e-06 4.82e-07 2.94e-09 1.75e-09 0.0 0.0 0.0 0.0 0.0 --- N 130504978 91.55 3.78 0.08 3.76 47.0 51.5 14.3 P8_TRANSIENT010E 0.0 10000.0 61.5 9.06e-07 2.46e-07 -1.92 0.19 0.0 1000.0 96.7 4.72e-06 1.12e-06 -1.93 0.19 18.977 1407.565 90.2 3.48e-06 8.43e-07 -1.96 0.19
GRB120624933 GRB120624B 362269436.93 "2012-06-24 22:23:54.934" 170.8919 8.9579 0.0909 788.2 YES 4.76 68.6 27.8 102.0 133.0 5.0 5.0 3939.6 3939.6 1.95e-05 1.97e-06 8.85e-09 1.31e-09 0.0 0.0 0.0 0.0 2.2 X Y 130504314 335.83 -3.82 0.74 1.23 71.2 63.5 2.0 P8_TRANSIENT010E 0.0 10000.0 12.9 1.63e-06 0.0 -3.31 0.66 0.0 3000.0 1.0 4.05e-06 0.0 -5.02 0.0 0.0 0.0 0.0 0.0 0.0 0.0 0.0
GRB120709883 ---------- 363561103.37 "2012-07-09 21:11:40.367" 318.73 -50.39 0.2828 151.1 YES 5.51 28.0 40.6 31.0 39.0 4.0 4.0 52.9 52.9 1.12e-05 2.37e-06 5.91e-09 1.84e-09 0.0 0.0 0.0 0.0 0.0 --- N 130502327 66.54 71.04 0.06 2.97 46.6 96.6 2.6 P8_TRANSIENT010E 0.0 10000.0 210.0 4.54e-06 7.16e-07 -2.04 0.13 0.0 300.0 249.3 6.87e-05 9.77e-06 -1.99 0.12 9.844 15970.325 190.7 2.14e-06 3.62e-07 -1.9 0.12
GRB120711115 GRB120711A 363667496.29 "2012-07-11 02:44:53.294" 94.5995 -70.8715 0.1171 193.3 YES 0.0 134.5 84.9 46.0 60.0 9.0 9.0 479.2 479.2 5.99e-06 1.18e-06 4.12e-09 1.39e-09 0.0 0.0 0.0 0.0 1.405 XO N 130427324 173.16 27.71 0.02 2.09 47.3 63.9 21.1 P8_TRANSIENT010E 0.0 10000.0 2321.1 2.52e-05 1.19e-06 -1.97 0.04 0.138 34985.18 2325.9 1.1e-05 5.23e-07 -1.99 0.04 0.138 34985.18 2325.9 1.1e-05 5.23e-07 -1.99 0.04
GRB120729456 GRB120729A 365252175.67 "2012-07-29 10:56:12.665" 13.26 49.9 0.289 33.3 YES 3.16 82.7 32.8 7.0 9.0 2.0 2.0 528.2 528.2 4.11e-06 1.87e-06 1.12e-08 1.06e-08 0.0 0.0 0.0 0.0 0.8 XO Y 130327350 218.15 -69.81 0.09 5.39 45.9 85.9 3.7 P8_TRANSIENT020E 0.0 10000.0 155.6 2.73e-06 5.29e-07 -1.71 0.12 7.09 523.174 217.5 1.58e-05 2.61e-06 -1.77 0.12 7.09 523.174 217.5 1.58e-05 2.61e-06 -1.77 0.12
GRB120830297 ---------- 368003226.53 "2012-08-30 07:07:03.533" 88.57 -28.76 0.4205 60.4 YES 2.87 38.4 74.9 3.0 4.0 0.0 0.0 3.0 3.0 0.000129 4.91e-05 1.04e-07 9.01e-08 0.0 0.0 0.0 0.0 0.0 --- N 130325203 122.97 -19.15 0.13 4.69 47.3 76.1 2.9 P8_TRANSIENT010E 0.0 10000.0 60.3 8.55e-07 2.36e-07 -2.13 0.23 0.0 3000.0 58.0 1.16e-06 3.63e-07 -1.96 0.25 110.33 1272.832 49.5 1.47e-06 5.75e-07 -1.71 0.25
GRB120911268 ---------- 369037578.0 "2012-09-11 06:26:15.000" 172.66 -37.5 0.2779 356.4 YES 8.08 66.6 23.8 34.0 44.0 1.0 2.0 81.5 81.5 0.000505 7.49e-05 2.62e-07 5.63e-08 0.0 0.0 0.0 0.0 0.0 --- N 130310840 142.37 -17.11 0.33 2.43 75.9 50.3 3.8 P8_TRANSIENT010E 0.0 10000.0 32.9 1.04e-06 3.91e-07 -1.89 0.27 3.678 560.075 54.7 7.84e-06 2.36e-06 -1.99 0.24 3.678 560.075 54.7 7.84e-06 2.36e-06 -1.99 0.24
GRB120915000 ---------- 369360044.64 "2012-09-15 00:00:41.638" 0.0 0.0 0.0 26.9 YES 3.5 11.5 59.6 3.0 3.0 0.0 0.0 0.3 0.3 0.00019 0.0 1.67e-07 0.0 0.0 0.0 0.0 0.0 0.0 --- N 121216419 131.81 -77.39 0.7 2.86 48.2 95.6 2.5 P8_TRANSIENT100E 0.0 10.0 22.4 0.000121 5.94e-05 -2.5 0.65 0.0 3.0 27.6 0.000305 0.000159 -2.34 0.65 0.072 8.235 24.4 0.000153 7.32e-05 -2.52 0.65
GRB121029350 ---------- 373191862.93 "2012-10-29 08:24:19.934" 229.08 -25.56 0.1406 42.6 YES 1.91 60.6 40.7 30.0 43.0 6.0 6.0 893.1 893.1 1.01e-06 4.19e-07 2.6e-09 1.95e-09 0.0 0.0 0.0 0.0 0.0 --- N 121123442 28.62 -24.06 0.35 0.54 78.0 75.2 1.6 P8_TRANSIENT010E 0.0 10000.0 21.0 1.18e-06 5.08e-07 -2.29 0.38 0.0 3000.0 23.7 2.02e-06 8.71e-07 -2.32 0.4 135.959 2742.89 23.6 2.03e-06 8.76e-07 -2.32 0.4
GRB121123442 ---------- 375359758.71 "2012-11-23 10:35:55.712" 0.0 0.0 0.0 33.4 YES 1.54 78.0 75.2 15.0 18.0 1.0 1.0 1290.2 1290.2 2.24e-06 9.35e-07 1.25e-09 6.76e-10 0.0 0.0 0.0 0.0 0.0 --- N 121029350 229.08 -25.56 0.15 1.24 60.6 40.7 2.0 P8_TRANSIENT010E 0.0 10000.0 32.2 4.25e-07 1.88e-07 -1.6 0.26 13.667 2193.67 40.9 9.04e-07 3.72e-07 -1.66 0.26 13.667 2193.67 40.9 9.04e-07 3.72e-07 -1.66 0.26
GRB121216419 ---------- 377344999.45 "2012-12-16 10:03:16.450" 0.0 0.0 0.0 30.2 YES 2.79 48.2 95.6 2.0 4.0 0.0 0.0 1.5 1.5 0.000256 0.0 2.25e-07 0.0 0.0 0.0 0.0 0.0 0.0 --- N 120915000 240.44 57.09 2.4 0.4 11.5 59.6 3.6 P8_TRANSIENT100E 0.0 10.0 33.4 0.000101 3.98e-05 -2.31 0.47 0.0 1.0 55.4 0.000844 0.000348 -2.33 0.53 0.138 9.163 31.5 9.98e-05 4.15e-05 -2.39 0.53
GRB130310840 ---------- 384638984.5 "2013-03-10 20:09:41.503" 142.31 -17.02 0.2962 73.5 YES 3.94 75.8 50.3 11.0 19.0 1.0 1.0 4.1 4.1 8.78e-06 2.97e-06 8.55e-09 5.05e-09 0.0 0.0 0.0 0.0 0.0 --- N 120911268 172.52 -37.66 0.23 1.41 66.8 23.9 14.1 P8_TRANSIENT020E 0.0 10000.0 90.4 6.85e-06 1.22e-06 -2.35 0.17 5.106 1240.6 148.4 0.0002 2.74e-05 -2.57 0.17 5.106 1240.6 148.4 0.0002 2.74e-05 -2.57 0.17
GRB130325203 ---------- 385879917.3 "2013-03-25 04:51:54.298" 122.97 -19.15 0.1312 58.7 YES 2.92 47.3 76.1 49.0 57.0 8.0 8.0 563.5 563.5 1.23e-06 3.89e-07 1.41e-09 7.92e-10 0.0 0.0 0.0 0.0 0.0 --- N 120830297 88.64 -28.9 0.41 3.26 38.3 75.0 3.4 P8_TRANSIENT100E 0.0 4000.0 15.4 3.23e-06 0.0 -2.15 0.42 0.0 3.0 69.3 0.000336 0.000138 -1.97 0.42 0.513 932.988 15.4 3.2e-06 0.0 -2.14 0.42
GRB130327350 ---------- 386065447.05 "2013-03-27 08:24:04.051" 218.26 -69.77 0.1468 309.8 YES 2.57 45.9 85.8 27.0 32.0 8.0 8.0 49.4 49.4 7.84e-05 1.33e-05 1.72e-07 6.89e-08 0.0 0.0 0.0 0.0 0.0 --- N 120729456 13.26 49.9 0.26 2.05 82.7 32.8 1.4 P8_TRANSIENT010E 0.0 4000.0 33.0 3.9e-06 1.77e-06 -1.67 0.31 0.0 1000.0 33.0 3.9e-06 1.77e-06 -1.67 0.34 363.916 737.178 24.3 3.41e-06 1.75e-06 -1.64 0.34
GRB130427324 GRB130427A 388741629.42 "2013-04-27 07:47:06.420" 173.14 27.72 0.0237 5619.5 YES 8.99 47.3 63.9 409.0 494.0 73.0 75.0 390.4 390.4 0.000217 1.14e-05 2.65e-07 2.82e-08 0.0 0.0 0.0 0.0 0.34 XOR Y 120711115 94.64 -70.88 0.1 1.46 134.5 84.9 0.0 P8_TRANSIENT010E 0.0 10000.0 141.0 2.48e-06 4.28e-07 -2.34 0.18 363.916 6981.527 134.7 2.49e-06 4.51e-07 -2.3 0.18 363.916 6981.527 134.7 2.49e-06 4.51e-07 -2.3 0.18
GRB130502327 GRB130502B 389173874.76 "2013-05-02 07:51:11.761" 66.5147 71.0714 0.0559 505.9 YES 4.73 46.5 96.5 59.0 82.0 10.0 11.0 110.7 110.7 4.46e-05 6.4e-06 4.51e-08 1.6e-08 0.0 0.0 0.0 0.0 0.0 X N 120709883 318.82 -50.4 0.29 3.34 27.9 40.6 6.3 P8_TRANSIENT010E 0.0 10000.0 77.3 1.09e-05 2.24e-06 -2.36 0.22 0.099 718.737 75.6 1.1e-05 2.28e-06 -2.32 0.22 0.099 718.737 75.6 1.1e-05 2.28e-06 -2.32 0.22
GRB130504314 ---------- 389345526.39 "2013-05-04 07:32:03.386" 0.0 0.0 0.0 30.0 YES 1.77 71.2 63.5 26.0 46.0 5.0 5.0 401.7 401.7 1.75e-06 0.0 1.54e-09 0.0 0.0 0.0 0.0 0.0 0.0 --- N 120624933 170.9 8.93 0.08 1.92 68.6 27.8 5.9 P8_TRANSIENT010E 0.0 10000.0 346.7 6.39e-06 6.44e-07 -2.58 0.13 0.0 3000.0 402.1 2.28e-05 2.19e-06 -2.55 0.13 70.525 1147.163 389.9 2.3e-05 2.22e-06 -2.54 0.13
GRB130504978 GRB130504C 389402940.52 "2013-05-04 23:28:57.518" 91.55 3.78 0.0961 124.0 YES 12.58 47.0 51.5 39.0 45.0 6.0 6.0 180.7 180.7 8.17e-06 2.13e-06 1.18e-08 6.18e-09 0.0 0.0 0.0 0.0 0.0 X N 120526303 53.82 -35.24 0.08 2.24 31.5 70.3 0.0 P8_TRANSIENT010E 0.0 10000.0 107.5 2.01e-06 4.53e-07 -1.89 0.17 0.0 3000.0 106.6 2.13e-06 4.86e-07 -1.85 0.17 505.28 2989.732 100.7 2.05e-06 4.82e-07 -1.86 0.17
GRB130518580 GRB130518A 390578080.52 "2013-05-18 13:54:37.525" 355.615 47.5396 0.1446 252.7 YES 8.23 41.0 83.1 37.0 48.0 5.0 5.0 380.6 380.6 2.5e-05 4.91e-06 1.16e-08 2.96e-09 0.0 0.0 0.0 0.0 2.49 XO Y 120420858 108.77 15.17 0.19 2.58 110.4 77.8 0.0 P8_TRANSIENT010E 0.0 10000.0 24.1 2.34e-06 1.05e-06 -2.29 0.38 2970.53 4078.016 28.4 3.08e-06 1.03e-06 -2.22 0.33 2970.53 4078.016 28.4 3.08e-06 1.03e-06 -2.22 0.33
GRB130606497 ---------- 392212536.63 "2013-06-06 11:55:33.631" 218.5626 -22.1529 0.0787 111.0 YES 2.24 90.5 10.9 17.0 24.0 5.0 5.0 963.4 963.4 5.96e-06 1.9e-06 1.33e-08 1.13e-08 0.0 0.0 0.0 0.0 0.0 --- N 120316008 57.34 -56.41 0.21 3.34 10.0 48.8 3.9 P8_TRANSIENT010E 0.0 10000.0 41.2 2.57e-06 8.72e-07 -2.41 0.34 0.0 1000.0 54.1 3.13e-06 8.58e-07 -2.3 0.33 13.667 1371.04 44.8 2.69e-06 8.77e-07 -2.33 0.33
GRB130702004 GRB130702A 394416326.08 "2013-07-02 00:05:23.079" 216.4 16.16 0.4212 26.8 YES 3.39 75.9 77.6 8.0 12.0 1.0 2.0 1811.2 1811.2 1.41e-06 5.69e-07 1.48e-09 1.15e-09 0.0 0.0 0.0 0.0 0.145 XOR N 120226871 302.97 48.98 0.4 2.47 35.7 41.7 8.3 P8_TRANSIENT010E 0.0 4000.0 21.7 2.04e-06 6.75e-07 -2.65 0.39 0.0 300.0 40.9 1.14e-05 3.2e-06 -2.98 0.83 9.844 188.772 30.0 1.46e-05 4.35e-06 -3.84 0.83
GRB130804023 ---------- 397269198.53 "2013-08-04 00:33:15.527" 261.1 -61.799 0.0528 34.7 YES 2.12 24.7 67.7 14.0 19.0 4.0 4.0 219.4 219.4 2.43e-06 1.25e-06 3.69e-09 3.72e-09 0.0 0.0 0.0 0.0 0.0 --- N 120107384 244.94 -70.05 0.3 1.88 46.3 96.2 2.2 P8_TRANSIENT020E 0.0 100.0 30.0 1.71e-05 7.81e-06 -1.9 0.36 0.713 363.916 36.1 1.11e-05 3.73e-06 -2.45 0.38 0.713 363.916 36.1 1.11e-05 3.73e-06 -2.45 0.38
GRB130821674 ---------- 398794231.01 "2013-08-21 16:10:28.011" 314.21 -11.53 0.1273 274.1 YES 12.05 34.9 48.4 84.0 105.0 9.0 9.0 1484.2 1484.2 5.12e-06 8.13e-07 2.95e-09 7.48e-10 0.0 0.0 0.0 0.0 0.0 --- N 110921912 5.79 -26.51 0.27 0.8 34.3 21.7 4.3 P8_TRANSIENT010E 0.0 10000.0 34.6 7.04e-07 2.4e-07 -1.97 0.26 0.0 1000.0 50.5 3.11e-06 9.86e-07 -2.01 0.29 7.09 321.616 43.6 7.21e-06 2.54e-06 -2.01 0.29
GRB130828306 ---------- 399367203.15 "2013-08-28 07:20:00.153" 259.69 28.2 0.2198 230.7 YES 4.75 40.7 45.8 18.0 24.0 2.0 2.0 30.8 30.8 7.74e-05 1.48e-05 4.37e-08 1.51e-08 0.0 0.0 0.0 0.0 0.0 --- N 110903111 197.26 58.84 0.05 2.75 44.3 93.9 2.1 P8_TRANSIENT010E 0.0 10000.0 37.1 4.69e-07 2.54e-07 -1.65 0.31 0.0 1000.0 45.8 2.46e-06 1.16e-06 -1.76 0.0 13.667 25805.666 3.7 3.62e-07 0.0 -6.0 0.0
GRB130907904 GRB130907A 400282876.0 "2013-09-07 21:41:13.000" 215.92 45.7 0.1838 31.9 YES 0.0 105.6 57.5 16.0 27.0 1.0 2.0 4017.8 4017.8 8.69e-07 4.2e-07 7.09e-10 5.05e-10 0.0 0.0 0.0 0.0 1.238 XOR Y 110731465 280.44 -28.55 0.1 4.33 3.4 50.7 14.1 P8_TRANSIENT020E 0.0 10000.0 109.0 2.27e-06 4.3e-07 -2.19 0.16 0.0 100.0 170.5 0.000107 1.47e-05 -2.37 0.16 0.99 1469.139 139.5 6.98e-06 1.18e-06 -2.23 0.16
GRB131014215 GRB131014A 403420143.2 "2013-10-14 05:09:00.202" 100.89 -20.75 0.4099 136.1 YES 7.12 72.4 75.9 5.0 7.0 2.0 3.0 4.1 4.1 0.00225 0.000541 1.86e-06 1.16e-06 0.0 0.0 0.0 0.0 0.0 X N 110728056 173.56 4.36 0.42 3.72 41.3 15.6 3.2 P8_TRANSIENT100E 0.0 500.0 25.3 4.59e-06 1.86e-06 -2.15 0.37 0.0 10.0 63.2 0.000171 5.7e-05 -2.04 0.36 0.192 356.265 26.6 5.44e-06 2.22e-06 -2.09 0.36
GRB131029973 ---------- 404781651.58 "2013-10-29 23:20:48.578" 200.85 48.03 0.1241 209.8 YES 2.58 59.7 93.9 25.0 33.0 3.0 3.0 189.7 189.7 2.32e-05 4.24e-06 1.11e-08 3.06e-09 0.0 0.0 0.0 0.0 0.0 --- N 110721200 333.54 -38.59 0.08 3.86 40.4 83.1 27.5 P8_TRANSIENT020E 0.0 10000.0 80.3 1.34e-06 3.21e-07 -2.3 0.23 0.0 100.0 124.8 6.59e-05 1.11e-05 -2.36 0.2 0.037 500.84 120.7 1.42e-05 2.41e-06 -2.41 0.2
GRB131108862 GRB131108A 405636118.76 "2013-11-08 20:41:55.759" 156.7245 9.6236 0.1328 1754.4 YES 16.39 25.1 22.1 125.0 158.0 3.0 3.0 0.2 0.2 0.000328 2.8e-05 1.27e-07 1.75e-08 0.0 0.0 0.0 0.0 2.4 XOR N 110625881 286.42 6.37 0.08 0.66 87.4 50.4 1.2 P8_TRANSIENT010E 0.0 4000.0 44.9 1.81e-05 4.11e-06 -2.62 0.24 0.0 1000.0 45.4 2.37e-05 5.71e-06 -2.5 0.23 70.525 28931.85 34.0 6.17e-06 1.5e-06 -2.55 0.23
GRB131209547 ---------- 408287279.97 "2013-12-09 13:07:56.968" 0.0 0.0 0.0 32.0 YES 2.62 20.9 54.2 8.0 8.0 0.0 0.0 35.7 35.7 2.63e-05 0.0 2.31e-08 0.0 0.0 0.0 0.0 0.0 0.0 --- N 110518860 67.19 -34.27 0.12 3.16 165.2 123.8 0.0 P8_TRANSIENT010E 0.0 10000.0 39.2 8.62e-07 3.88e-07 -1.84 0.31 0.0 3000.0 40.0 8.64e-07 3.9e-07 -1.8 0.31 974.08 3156.085 39.7 8.73e-07 3.91e-07 -1.84 0.31
GRB131231198 GRB131231A 410157919.08 "2013-12-31 04:45:16.083" 10.5562 -1.7154 0.0354 309.3 YES 9.14 38.2 41.3 45.0 54.0 12.0 12.0 37.9 37.9 4.92e-06 9.42e-07 1.39e-08 5.27e-09 0.0 0.0 0.0 0.0 0.642 XO N 110428388 5.44 64.95 0.11 1.47 34.6 84.4 2.8 P8_TRANSIENT010E 0.0 10000.0 27.8 6.59e-07 2.7e-07 -1.95 0.25 0.0 300.0 51.3 8.54e-06 2.8e-06 -1.81 0.2 7.09 2359.68 49.7 1.92e-06 5.74e-07 -1.91 0.2
GRB140102887 GRB140102A 410390260.81 "2014-01-02 21:17:37.811" 212.0143 1.4488 0.1638 88.5 YES 6.37 47.2 45.1 9.0 12.0 2.0 2.0 5.7 5.7 3.15e-05 8.71e-06 2.39e-08 1.39e-08 0.0 0.0 0.0 0.0 0.0 XO Y 110328520 121.65 41.53 0.11 2.34 35.8 43.3 15.6 P8_TRANSIENT010E 0.0 10000.0 50.3 1.76e-06 4.94e-07 -2.26 0.29 0.0 3000.0 46.9 2.65e-06 1.06e-06 -2.06 0.42 7.09 622.95 32.5 1.88e-06 9.78e-07 -1.97 0.42
GRB140104731 ---------- 410549526.15 "2014-01-04 17:32:03.150" 218.76 -8.98 0.136 78.9 YES 3.02 18.0 36.3 44.0 52.0 8.0 8.0 1842.7 1842.7 2.06e-06 6.21e-07 2.5e-09 1.32e-09 0.0 0.0 0.0 0.0 0.0 --- N 110227229 18.04 22.66 0.27 0.11 6.7 47.5 2.5 P8_TRANSIENT010E 0.0 4000.0 18.2 2.6e-06 0.0 -1.75 0.31 0.0 3000.0 18.2 2.6e-06 0.0 -1.75 0.31 9.844 1164.609 17.9 2.55e-06 0.0 -1.71 0.31
GRB140110263 ---------- 411027520.94 "2014-01-10 06:18:37.936" 29.1218 -36.5134 0.181 253.4 YES 4.87 34.7 64.4 23.0 28.0 1.0 1.0 20.1 20.1 6.07e-05 1.33e-05 3.02e-08 9.68e-09 0.0 0.0 0.0 0.0 0.0 --- N 110123804 240.61 28.37 0.16 5.07 54.9 91.4 2.1 P8_TRANSIENT010E 0.0 10000.0 58.2 6.42e-07 1.87e-07 -2.02 0.23 18.977 8946.439 58.2 6.43e-07 1.87e-07 -2.02 0.23 18.977 8946.439 58.2 6.43e-07 1.87e-07 -2.02 0.23
GRB140124527 ---------- 412259914.19 "2014-01-24 12:38:31.193" 0.0 0.0 0.0 26.5 YES 3.32 19.9 65.9 17.0 19.0 5.0 5.0 351.4 351.4 1.79e-06 1.01e-06 7.19e-09 7.35e-09 0.0 0.0 0.0 0.0 0.0 --- N 110120666 61.63 -12.01 0.14 1.19 13.7 31.3 3.8 P8_TRANSIENT010E 0.0 10000.0 61.3 9.64e-07 2.65e-07 -2.14 0.24 0.0 300.0 71.7 7.67e-06 2.14e-06 -2.0 0.26 0.513 1112.849 61.5 2.38e-06 6.54e-07 -2.08 0.26
GRB140204547 ---------- 413212025.56 "2014-02-04 13:07:02.560" 0.0 0.0 0.0 47.8 YES 1.62 41.9 47.3 9.0 13.0 3.0 3.0 3586.1 3586.1 2.76e-06 1.35e-06 6.26e-09 5.3e-09 0.0 0.0 0.0 0.0 0.0 --- N 101227406 240.21 -15.93 0.23 7.34 13.6 37.2 2.4 P8_TRANSIENT020E 0.0 100.0 26.1 5.73e-06 3e-06 -1.5 0.32 0.0 30.0 26.1 1.36e-05 8.02e-06 -1.47 0.32 13.667 88.617 25.5 6.21e-06 3.52e-06 -1.41 0.32
GRB140206275 ---------- 413361375.84 "2014-02-06 06:36:12.843" 315.24 -8.79 0.0562 365.2 YES 13.25 46.2 85.4 122.0 152.0 23.0 24.0 1315.4 1315.4 3.22e-06 4.2e-07 2.84e-09 6.81e-10 0.0 0.0 0.0 0.0 0.0 --- N 101107011 170.27 23.88 0.14 0.77 36.6 28.3 2.4 P8_TRANSIENT010E 0.0 10000.0 34.9 1.07e-06 5.21e-07 -1.94 0.37 0.0 300.0 41.9 4.55e-06 2.08e-06 -1.89 0.39 97.921 1907.48 36.4 1.37e-06 6.55e-07 -1.98 0.39
GRB140219824 ---------- 414531995.24 "2014-02-19 19:46:32.241" 158.2 7.26 0.3613 40.9 YES 0.0 95.9 112.9 22.0 27.0 1.0 1.0 1407.3 1407.3 1.82e-06 7.69e-07 1.56e-09 1.07e-09 0.0 0.0 0.0 0.0 0.0 --- N 101014175 26.49 -48.56 0.07 3.14 55.2 102.8 1.6 P8_TRANSIENT010E 0.0 10000.0 56.8 2.96e-07 1.19e-07 -1.49 0.22 1712.98 5387.06 67.4 4.93e-07 1.84e-07 -1.46 0.21 1712.98 5387.06 67.4 4.93e-07 1.84e-07 -1.46 0.21
GRB140323433 GRB140323A 417262976.12 "2014-03-23 10:22:53.120" 356.54 -79.93 0.1227 43.9 YES 2.06 30.6 68.7 12.0 13.0 4.0 5.0 567.4 567.4 1.94e-06 9.76e-07 7.68e-09 6.7e-09 0.0 0.0 0.0 0.0 0.0 X Y 100826957 278.28 -24.77 0.83 0.97 73.6 85.9 9.6 P8_TRANSIENT020E 0.0 100.0 27.6 0.000117 5.49e-05 -1.51 0.34 0.0 300.0 29.2 0.000102 4.75e-05 -1.5 0.0 0.0 0.0 0.0 0.0 0.0 0.0 0.0
GRB140402007 ---------- 418090210.0 "2014-04-02 00:10:06.998" 207.65 5.97 0.1118 125.8 YES 4.46 13.7 47.2 14.0 16.0 2.0 2.0 71.6 71.6 2.07e-05 6.71e-06 4.17e-08 2.84e-08 0.0 0.0 0.0 0.0 0.0 --- N 100728095 88.82 -15.46 0.13 3.09 59.7 35.2 2.6 P8_TRANSIENT010E 0.0 10000.0 52.9 6.15e-07 2.12e-07 -1.78 0.22 0.0 3000.0 61.2 1.26e-06 4.2e-07 -1.73 0.24 70.525 711.834 58.2 3.99e-06 1.22e-06 -1.87 0.24
GRB140416060 ---------- 419304403.94 "2014-04-16 01:26:40.939" 35.74 42.1 0.0677 40.4 YES 0.0 138.8 94.3 22.0 30.0 2.0 2.0 2772.3 2772.3 2.03e-06 7.94e-07 1.86e-09 1.13e-09 0.0 0.0 0.0 0.0 0.0 --- N 100724029 122.66 76.0 0.1 2.76 49.8 96.1 17.1 P8_TRANSIENT020E 0.0 10000.0 40.7 1.02e-06 3.55e-07 -2.42 0.34 0.0 1000.0 75.3 5.12e-05 8.26e-06 -4.17 0.37 5.106 3132.095 66.8 1.03e-05 1.84e-06 -3.24 0.37
GRB140523129 ---------- 422507160.62 "2014-05-23 03:05:57.625" 133.085 24.8569 0.2277 306.8 YES 2.59 56.0 28.0 28.0 41.0 6.0 6.0 10.2 10.2 4.64e-05 9.1e-06 4.67e-08 1.62e-08 0.0 0.0 0.0 0.0 0.0 --- N 100620119 84.66 -43.99 0.21 0.09 23.3 68.7 2.3 P8_TRANSIENT010E 0.0 500.0 5.5 3.83e-06 0.0 -1.81 0.51 0.0 1000.0 4.5 2.18e-06 0.0 -1.78 0.0 0.0 0.0 0.0 0.0 0.0 0.0 0.0
GRB140528837 ---------- 423000325.75 "2014-05-28 20:05:22.750" 280.59 -59.45 0.2309 40.6 YES 1.73 45.9 65.9 52.0 60.0 6.0 6.0 740.5 740.5 1.4e-06 5.28e-07 1.11e-09 5.97e-10 0.0 0.0 0.0 0.0 0.0 --- N 100511035 111.38 -0.99 0.05 0.16 47.6 25.4 3.9 P8_TRANSIENT010E 0.0 10000.0 90.6 1.53e-06 3.86e-07 -1.82 0.16 9.844 7175.686 90.7 1.56e-06 3.92e-07 -1.81 0.16 9.844 7175.686 90.7 1.56e-06 3.92e-07 -1.81 0.16
GRB140619475 ---------- 424869883.52 "2014-06-19 11:24:40.520" 132.6647 -9.6543 0.0887 216.9 YES 6.29 38.5 25.1 16.0 19.0 2.0 2.0 1.8 1.8 0.000462 0.000108 5.1e-07 2.57e-07 0.0 0.0 0.0 0.0 0.0 --- N 100423244 120.18 13.36 0.14 2.6 47.7 32.4 2.8 P8_TRANSIENT010E 0.0 4000.0 26.2 1.65e-06 8.51e-07 -1.77 0.32 7.09 1877.834 26.2 1.66e-06 8.57e-07 -1.77 0.32 7.09 1877.834 26.2 1.66e-06 8.57e-07 -1.77 0.32
GRB140723067 ---------- 427772193.73 "2014-07-23 01:36:30.728" 210.66 -3.7 0.1781 154.6 YES 4.71 54.5 38.3 23.0 29.0 1.0 1.0 0.6 0.6 1.48e-05 2.96e-06 1.44e-08 6.04e-09 0.0 0.0 0.0 0.0 0.0 --- N 100414097 192.13 8.56 0.06 2.29 69.2 27.8 3.5 P8_TRANSIENT010E 0.0 10000.0 172.0 1.78e-06 3.1e-07 -1.82 0.12 0.0 1000.0 199.1 8.58e-06 1.31e-06 -1.84 0.12 13.667 5506.148 193.8 3.13e-06 5.16e-07 -1.83 0.12
GRB140724533 ---------- 427898871.98 "2014-07-24 12:47:48.975" 0.0 0.0 0.0 30.6 YES 1.0 94.7 104.4 17.0 29.0 2.0 3.0 1992.1 1992.1 1.77e-06 7.04e-07 1.06e-09 5.73e-10 0.0 0.0 0.0 0.0 0.0 --- N 100325275 330.29 -27.08 0.58 2.36 7.2 52.8 3.8 P8_TRANSIENT100E 0.0 100.0 13.3 1.56e-05 0.0 -2.01 0.5 0.0 1.0 51.4 0.000656 0.000297 -1.93 0.49 0.192 99.515 13.3 1.54e-05 0.0 -1.98 0.49
GRB140729026 ---------- 428287016.71 "2014-07-29 00:36:53.709" 193.91 15.43 0.1828 84.8 YES 3.11 25.6 40.0 10.0 11.0 4.0 4.0 49.8 49.8 1.94e-05 5.84e-06 3.34e-08 2.43e-08 0.0 0.0 0.0 0.0 0.0 --- N 100225115 311.93 -60.51 0.34 2.83 55.9 82.3 6.1 P8_TRANSIENT020E 0.0 100.0 15.4 3.52e-05 0.0 -1.92 0.5 5.106 1352.465 24.6 1.22e-06 6.21e-07 -2.01 0.4 5.106 1352.465 24.6 1.22e-06 6.21e-07 -2.01 0.4
GRB140810782 ---------- 429389173.09 "2014-08-10 18:46:10.086" 118.93 27.4 0.0529 82.1 YES 0.0 123.1 88.8 22.0 26.0 4.0 4.0 1692.2 1692.2 1.25e-06 4.15e-07 3.19e-09 2.04e-09 0.0 0.0 0.0 0.0 0.0 --- N 100116897 305.0 14.51 0.04 3.56 26.5 37.1 18.8 P8_TRANSIENT010E 0.0 10000.0 118.9 5.85e-06 1.42e-06 -1.87 0.18 0.0 3000.0 126.8 7.72e-06 1.65e-06 -1.87 0.19 7.09 47079.359 82.1 5.31e-07 1.77e-07 -1.68 0.19
GRB140928437 GRB140928A 433592996.55 "2014-09-28 10:29:53.554" 43.7613 -55.9247 0.0589 60.4 YES 0.0 110.0 111.3 16.0 22.0 2.0 2.0 2586.7 2586.7 5.62e-07 2.91e-07 7.68e-09 8.81e-09 0.0 0.0 0.0 0.0 0.0 XO N 091127976 36.65 -19.13 0.23 2.5 25.3 54.1 3.0 P8_TRANSIENT020E 0.0 10000.0 26.9 3.37e-07 1.56e-07 -1.78 0.29 0.0 1000.0 40.6 1.32e-06 5.21e-07 -1.62 0.28 5.106 2165.12 31.6 6.34e-07 2.9e-07 -1.67 0.28
GRB141012773 ---------- 434831600.68 "2014-10-12 18:33:17.676" 289.9016 -52.9884 0.196 141.1 YES 2.1 47.4 94.9 12.0 19.0 3.0 3.0 9.6 9.6 4.62e-05 1.35e-05 3.16e-08 1.49e-08 0.0 0.0 0.0 0.0 0.0 --- N 091120191 226.7 -21.36 0.13 3.92 48.5 26.8 2.2 P8_TRANSIENT010E 0.0 10000.0 21.0 6.82e-07 3.24e-07 -2.37 0.42 0.0 3000.0 41.9 4.02e-06 1.19e-06 -2.64 0.36 18.977 1136.37 41.8 4.05e-06 1.21e-06 -2.64 0.36
GRB141022087 ---------- 435636283.21 "2014-10-22 02:04:40.214" 0.0 0.0 0.0 25.3 YES 0.0 111.1 102.2 6.0 8.0 0.0 0.0 325.1 325.1 1.98e-05 0.0 1.74e-08 0.0 0.0 0.0 0.0 0.0 0.0 --- N 091031500 71.7 -57.74 0.15 1.82 23.8 38.7 14.0 P8_TRANSIENT020E 0.0 10000.0 92.1 3.36e-06 7.56e-07 -2.19 0.22 0.0 1000.0 95.5 4.71e-06 1.05e-06 -2.15 0.22 0.052 1632.235 90.0 3.36e-06 7.75e-07 -2.15 0.22
GRB141028455 GRB141028A 436186489.78 "2014-10-28 10:54:46.783" 322.78 -0.64 0.1903 211.3 YES 6.63 32.0 48.9 25.0 32.0 2.0 2.0 68.8 68.8 1.88e-05 3.56e-06 9.07e-09 2.72e-09 0.0 0.0 0.0 0.0 2.332 O N 091003191 251.53 36.61 0.07 2.67 12.2 62.2 3.1 P8_TRANSIENT010E 0.0 10000.0 101.9 9.77e-07 2.57e-07 -1.87 0.18 0.0 1000.0 147.9 5.8e-06 1.27e-06 -1.94 0.16 1.908 1286.509 144.0 4.61e-06 9.9e-07 -1.93 0.16
GRB141102536 ---------- 436625502.26 "2014-11-02 12:51:39.263" 209.08 -46.69 0.5235 49.9 YES 3.17 52.3 53.5 7.0 9.0 0.0 0.0 30.9 30.9 3.06e-05 1.17e-05 1.44e-08 7.68e-09 0.0 0.0 0.0 0.0 0.0 --- N 090926181 353.55 -66.37 0.04 6.63 48.1 80.5 21.5 P8_TRANSIENT020E 0.0 10000.0 1063.6 1.47e-05 8.96e-07 -2.11 0.06 0.0 1000.0 1162.6 0.000323 1.65e-05 -2.23 0.06 1.908 4419.533 1111.8 3.88e-05 2.3e-06 -2.12 0.06
GRB141113346 ---------- 437559466.5 "2014-11-13 08:17:43.503" 182.32 77.38 0.4319 42.4 YES 2.71 51.2 86.2 6.0 6.0 0.0 0.0 0.1 0.1 1.59e-05 7.1e-06 1.23e-08 9.93e-09 0.0 0.0 0.0 0.0 0.0 --- N 090902462 264.94 27.32 0.02 4.29 50.8 38.4 23.1 P8_TRANSIENT020E 0.0 10000.0 1699.4 1.55e-05 8.26e-07 -1.95 0.04 0.37 669.102 1843.2 0.00011 5.55e-06 -1.94 0.04 0.37 669.102 1843.2 0.00011 5.55e-06 -1.94 0.04
GRB141207800 GRB141207A 439672284.11 "2014-12-07 19:11:21.105" 159.8236 3.9995 0.1427 410.4 YES 5.5 60.5 35.0 24.0 34.0 6.0 6.0 18.7 18.7 0.000156 2.52e-05 1.76e-07 7.66e-08 0.0 0.0 0.0 0.0 0.0 X N 090720710 203.96 -51.42 0.69 2.04 56.2 94.2 2.7 P8_TRANSIENT020E 0.0 100.0 13.2 5.09e-05 0.0 -2.79 0.65 0.0 30.0 14.7 0.000124 0.0 -2.73 0.65 0.099 74.749 12.8 6.71e-05 0.0 -2.77 0.65
GRB141221897 ---------- 440890311.79 "2014-12-21 21:31:48.787" 99.12 -66.91 0.2674 43.0 YES 1.92 39.0 84.7 6.0 8.0 2.0 2.0 58.5 58.5 1.52e-05 5.73e-06 1.59e-08 1.37e-08 0.0 0.0 0.0 0.0 0.0 --- N 090626189 170.04 -33.58 0.17 2.65 18.2 10.2 6.9 P8_TRANSIENT010E 0.0 10000.0 95.0 3e-06 6.89e-07 -2.02 0.19 0.0 3000.0 102.4 1.06e-05 2.27e-06 -2.1 0.2 7.09 803.548 98.8 1.09e-05 2.4e-06 -2.1 0.2
GRB141222298 ---------- 440924940.4 "2014-12-22 07:08:57.398" 178.12 -57.43 0.0666 195.5 YES 8.43 46.0 93.6 48.0 59.0 11.0 11.0 179.1 179.1 1.25e-05 3.45e-06 3.31e-08 1.54e-08 0.0 0.0 0.0 0.0 0.0 --- N 090510016 333.57 -26.62 0.03 1.2 13.6 52.3 30.0 P8_TRANSIENT020E 0.0 10000.0 831.0 7.64e-06 5.92e-07 -2.03 0.07 0.0 100.0 976.3 0.000367 2.48e-05 -2.04 0.06 0.027 98.927 962.9 0.00037 2.5e-05 -2.05 0.06
GRB150118409 ---------- 443267300.77 "2015-01-18 09:48:17.774" 0.0 0.0 0.0 41.1 YES 4.27 66.3 93.2 5.0 9.0 1.0 1.0 31.5 31.5 0.000144 0.0 1.26e-07 0.0 0.0 0.0 0.0 0.0 0.0 --- N 090427977 235.86 -14.05 0.06 7.25 107.9 120.9 0.0 P8_TRANSIENT010E 0.0 500.0 42.0 4.66e-06 2.55e-06 -1.3 0.3 365.936 701.558 32.9 1.63e-06 1.05e-06 -1.22 0.35 365.936 701.558 32.9 1.63e-06 1.05e-06 -1.22 0.35
GRB150202999 ---------- 444614351.27 "2015-02-02 23:59:08.273" 0.0 0.0 0.0 28.5 YES 7.79 17.3 66.9 30.0 42.0 3.0 3.0 115.7 115.7 1.33e-06 5.7e-07 1.05e-09 7.46e-10 0.0 0.0 0.0 0.0 0.0 --- N 090424592 189.14 16.34 1.8 2.36 70.6 46.6 2.5 P8_TRANSIENT020E 0.0 4000.0 16.2 0.000119 0.0 -2.98 0.65 0.0 1000.0 16.1 0.000119 0.0 -2.98 0.88 7.09 33.688 10.0 0.000566 0.0 -3.57 0.88
GRB150210935 ---------- 445299987.28 "2015-02-10 22:26:24.283" 112.28 13.54 0.3054 119.6 YES 11.02 53.7 9.9 8.0 10.0 1.0 1.0 3.6 3.6 0.000492 0.000151 2.16e-07 1.21e-07 0.0 0.0 0.0 0.0 0.0 --- N 090328401 90.67 -41.95 0.08 3.43 64.4 70.9 10.1 P8_TRANSIENT010E 0.0 10000.0 237.8 2.69e-06 4.04e-07 -2.09 0.13 13.667 8149.575 239.2 2.78e-06 4.17e-07 -2.09 0.13 13.667 8149.575 239.2 2.78e-06 4.17e-07 -2.09 0.13
GRB150314205 GRB150314A 448001693.85 "2015-03-14 04:54:50.854" 126.09 63.76 0.4943 66.6 YES 3.71 47.6 91.9 17.0 23.0 0.0 0.0 80.7 80.7 7.99e-06 2.46e-06 3.06e-09 1.17e-09 0.0 0.0 0.0 0.0 1.758 XOR Y 090323002 190.75 17.07 0.06 3.9 57.2 67.0 9.0 P8_TRANSIENT010E 0.0 10000.0 194.5 5.37e-06 8e-07 -2.26 0.14 7.09 6165.694 193.6 6.46e-06 9.67e-07 -2.25 0.14 7.09 6165.694 193.6 6.46e-06 9.67e-07 -2.25 0.14
GRB150403913 GRB150403A 449790853.95 "2015-04-03 21:54:10.952" 311.75 -62.48 0.1494 52.2 YES 6.38 55.2 104.7 50.0 58.0 7.0 7.0 1189.1 1189.1 1.06e-06 3.46e-07 1.2e-09 6.9e-10 0.0 0.0 0.0 0.0 2.06 XO Y 090228204 98.59 -28.79 0.15 4.38 24.5 57.0 3.1 P8_TRANSIENT100E 0.0 100.0 34.4 1.38e-05 5.41e-06 -2.12 0.39 0.0 10.0 43.5 8.36e-05 3.69e-05 -1.76 0.39 0.072 94.686 33.5 1.34e-05 5.42e-06 -2.06 0.39
GRB150422703 ---------- 451414356.99 "2015-04-22 16:52:33.993" 0.0 0.0 0.0 25.1 YES 3.03 60.9 19.5 23.0 34.0 1.0 1.0 567.6 567.6 1.53e-06 5.74e-07 5.21e-10 2.26e-10 0.0 0.0 0.0 0.0 0.0 --- N 090227310 4.56 -44.62 0.23 3.12 21.1 45.0 5.2 P8_TRANSIENT010E 0.0 10000.0 28.7 1.35e-06 6.01e-07 -2.35 0.43 0.0 300.0 34.0 4.7e-06 1.87e-06 -2.02 0.38 2.649 1988.6 27.6 1.25e-06 4.54e-07 -2.28 0.38
GRB150510139 ---------- 452920796.74 "2015-05-10 03:19:53.738" 16.41 4.9 0.2421 80.5 YES 3.97 56.0 10.1 11.0 15.0 2.0 2.0 71.4 71.4 7.9e-06 2.71e-06 1.1e-08 7.46e-09 0.0 0.0 0.0 0.0 0.0 --- N 090217206 204.68 -8.53 0.28 3.81 34.6 47.3 10.7 P8_TRANSIENT020E 0.0 10000.0 60.7 5.84e-06 1.44e-06 -2.5 0.26 0.0 300.0 75.6 1.9e-05 4.27e-06 -2.26 0.25 3.678 922.04 67.5 1.22e-05 2.93e-06 -2.4 0.25
GRB150514774 GRB150514A 453321308.35 "2015-05-14 18:35:05.352" 74.92 -60.86 0.1084 34.1 YES 3.85 38.5 58.3 10.0 14.0 2.0 2.0 246.9 246.9 6.61e-07 5.57e-07 5.89e-09 7.24e-09 0.0 0.0 0.0 0.0 0.807 XO N 081224887 201.1 72.68 0.24 2.7 15.6 49.3 3.2 P8_TRANSIENT010E 0.0 500.0 25.0 1.88e-06 9.67e-07 -1.8 0.35 18.977 382.233 25.2 2.65e-06 1.35e-06 -1.81 0.35 18.977 382.233 25.2 2.65e-06 1.35e-06 -1.81 0.35
GRB150523396 GRB150523A 454066191.08 "2015-05-23 09:29:48.081" 115.3269 -45.4259 0.0565 303.4 YES 3.68 25.8 55.5 56.0 65.0 9.0 10.0 459.4 459.4 1.64e-05 2.75e-06 1.84e-08 6.32e-09 0.0 0.0 0.0 0.0 0.0 XO N 081203581 233.46 63.95 0.28 2.25 147.2 119.1 0.0 P8_TRANSIENT010E 0.0 10000.0 23.7 1.38e-06 5.16e-07 -2.6 0.45 0.0 1000.0 27.0 1.33e-06 5.5e-07 -2.01 0.45 262.102 2446.6 23.4 1.43e-06 5.69e-07 -2.47 0.45
GRB150627183 GRB150627A 457071806.68 "2015-06-27 04:23:23.681" 117.5 -51.55 0.0541 272.8 YES 4.6 74.3 97.3 114.0 140.0 21.0 24.0 39.4 39.4 2.48e-06 5.03e-07 7.82e-09 2.76e-09 0.0 0.0 0.0 0.0 0.0 XO N 081122520 338.82 37.55 0.15 3.03 21.5 25.9 3.3 P8_TRANSIENT010E 0.0 10000.0 23.6 5.58e-07 2.45e-07 -2.09 0.33 0.0 300.0 35.0 3.07e-06 1.38e-06 -1.73 0.31 3.678 1281.39 29.2 9.75e-07 4.6e-07 -1.75 0.31
GRB150702998 ---------- 457574202.55 "2015-07-02 23:56:39.551" 52.57 -56.88 0.3883 36.7 YES 0.0 117.4 88.0 20.0 28.0 1.0 1.0 2014.0 2014.0 1.47e-06 5.2e-07 8.44e-10 4.21e-10 0.0 0.0 0.0 0.0 0.0 --- N 081102365 212.98 30.33 0.42 2.14 48.0 47.5 3.7 P8_TRANSIENT020E 0.0 100.0 13.3 2.78e-05 0.0 -2.17 0.48 0.0 1.0 16.3 0.00253 0.0 -2.57 0.62 0.266 63.852 11.1 3.87e-05 0.0 -2.34 0.62
GRB150724782 ---------- 459456341.71 "2015-07-24 18:45:38.714" 0.0 0.0 0.0 30.2 YES 3.66 58.5 68.6 8.0 9.0 1.0 1.0 61.4 61.4 1.93e-05 0.0 1.7e-08 0.0 0.0 0.0 0.0 0.0 0.0 --- N 081024891 322.99 20.95 0.17 3.2 18.8 30.4 4.8 P8_TRANSIENT100E 0.0 10000.0 31.8 2.63e-06 1.28e-06 -1.92 0.36 0.0 3.0 155.0 0.000704 0.000185 -2.07 0.29 0.138 188.224 50.8 9.92e-06 3.68e-06 -1.83 0.29
GRB150902733 GRB150902A 462908143.37 "2015-09-02 17:35:40.366" 214.95 -69.38 0.0988 231.7 YES 5.59 37.3 87.1 60.0 73.0 8.0 8.0 204.0 204.0 1.85e-05 3.67e-06 1.15e-08 3.54e-09 0.0 0.0 0.0 0.0 0.0 X N 081009140 251.58 18.92 0.2 7.33 69.0 54.5 2.6 P8_TRANSIENT010E 0.0 10000.0 40.3 1e-06 3.48e-07 -1.79 0.22 0.0 3000.0 49.9 2.13e-06 7.01e-07 -1.75 0.22 50.794 1250.131 46.2 3.56e-06 1.15e-06 -1.8 0.22
GRB150913161 ---------- 463809121.43 "2015-09-13 03:51:58.427" 0.0 0.0 0.0 25.9 YES 3.6 32.2 63.8 21.0 28.0 2.0 2.0 47.3 47.3 3.27e-05 0.0 2.87e-08 0.0 0.0 0.0 0.0 0.0 0.0 --- N 081006604 135.62 -61.84 0.27 4.04 10.6 40.1 3.4 P8_TRANSIENT010E 0.0 10000.0 68.0 1.56e-05 4.33e-06 -2.17 0.28 0.0 30.0 73.9 6.68e-05 1.97e-05 -2.07 0.29 0.713 112.914 67.7 2.27e-05 6.62e-06 -2.15 0.29
GRB160310016 ---------- 479262182.47 "2016-03-10 00:22:59.468" 98.7781 -7.1144 0.0421 31.6 YES 2.28 62.8 29.9 25.0 37.0 5.0 5.0 6162.7 6162.7 8.73e-07 7.66e-07 3.87e-09 4.11e-09 0.0 0.0 0.0 0.0 0.0 --- N 080916009 119.9 -56.7 0.03 6.57 48.9 83.7 21.3 P8_TRANSIENT020E 0.0 10000.0 955.4 3.25e-05 2.12e-06 -2.27 0.07 0.0 1000.0 1009.2 7.7e-05 4.78e-06 -2.2 0.06 2.649 1275.198 1007.6 6.23e-05 3.89e-06 -2.21 0.06
GRB160325291 GRB160325A 480581965.51 "2016-03-25 06:59:22.511" 16.21 -72.66 0.1323 94.0 YES 3.96 6.8 55.4 39.0 49.0 2.0 2.0 131.2 131.2 4.42e-06 1.03e-06 2.36e-09 7.53e-10 0.0 0.0 0.0 0.0 0.0 XO Y 080825593 234.69 -3.74 0.42 4.07 59.9 25.7 5.0 P8_TRANSIENT020E 0.0 4000.0 27.7 4.84e-06 1.46e-06 -2.97 0.44 0.0 100.0 33.2 7.55e-05 2.11e-05 -2.85 0.5 2.649 28.291 25.8 0.0002 6.73e-05 -2.84 0.5
GRB160422499 ---------- 483019144.81 "2016-04-22 11:59:01.807" 42.05 -57.9 0.0757 37.7 YES 2.99 53.2 102.0 24.0 30.0 5.0 5.0 637.6 637.6 2.71e-07 1.65e-07 2.46e-09 2.15e-09 0.0 0.0 0.0 0.0 0.0 --- N 080818945 109.46 15.0 0.33 1.89 57.1 76.2 3.1 P8_TRANSIENT010E 0.0 10000.0 25.2 9.18e-07 4.73e-07 -1.84 0.39 8746.52 9668.607 28.9 2.05e-06 1e-06 -1.86 0.37 8746.52 9668.607 28.9 2.05e-06 1e-06 -1.86 0.37
